,# time passed,number of events,total number,average number
0,7.5,232.0,232.0,30.933333333333334
1,15.0,240.0,472.0,31.466666666666665
2,22.5,245.0,717.0,31.866666666666667
3,30.0,226.0,943.0,31.433333333333334
4,37.5,223.0,1166.0,31.093333333333334
5,45.0,218.0,1384.0,30.755555555555556
6,52.5,207.0,1591.0,30.304761904761904
7,60.0,235.0,1826.0,30.433333333333334
8,67.5,260.0,2086.0,30.903703703703705
9,75.0,218.0,2304.0,30.72
10,82.5,207.0,2511.0,30.436363636363637
11,90.0,259.0,2770.0,30.77777777777778
12,97.5,245.0,3015.0,30.923076923076923
13,105.0,269.0,3284.0,31.276190476190475
14,112.5,229.0,3513.0,31.226666666666667
15,120.0,246.0,3759.0,31.325
16,127.5,234.0,3993.0,31.31764705882353
17,135.0,232.0,4225.0,31.296296296296298
18,142.5,213.0,4438.0,31.143859649122806
19,150.0,230.0,4668.0,31.12
20,157.5,237.0,4905.0,31.142857142857142
21,165.0,226.0,5131.0,31.096969696969698
22,172.5,242.0,5373.0,31.14782608695652
23,180.0,238.0,5611.0,31.17222222222222
24,187.5,249.0,5860.0,31.253333333333334
25,195.0,202.0,6062.0,31.087179487179487
26,202.5,246.0,6308.0,31.150617283950616
27,210.0,244.0,6552.0,31.2
28,217.5,226.0,6778.0,31.163218390804598
29,225.0,215.0,6993.0,31.08
30,232.5,273.0,7266.0,31.251612903225805
31,240.0,236.0,7502.0,31.258333333333333
32,247.5,248.0,7750.0,31.31313131313131
33,255.0,213.0,7963.0,31.227450980392156
34,262.5,226.0,8189.0,31.196190476190477
35,270.0,224.0,8413.0,31.159259259259258
36,277.5,237.0,8650.0,31.17117117117117
37,285.0,230.0,8880.0,31.157894736842106
38,292.5,256.0,9136.0,31.234188034188033
39,300.0,230.0,9366.0,31.22
40,307.5,240.0,9606.0,31.2390243902439
41,315.0,243.0,9849.0,31.266666666666666
42,322.5,232.0,10081.0,31.25891472868217
43,330.0,237.0,10318.0,31.266666666666666
44,337.5,230.0,10548.0,31.253333333333334
45,345.0,222.0,10770.0,31.217391304347824
46,352.5,237.0,11007.0,31.22553191489362
47,360.0,230.0,11237.0,31.21388888888889
48,367.5,240.0,11477.0,31.229931972789117
49,375.0,235.0,11712.0,31.232
50,382.5,240.0,11952.0,31.24705882352941
51,390.0,232.0,12184.0,31.24102564102564
52,397.5,222.0,12406.0,31.210062893081762
53,405.0,244.0,12650.0,31.234567901234566
54,412.5,234.0,12884.0,31.233939393939394
55,420.0,253.0,13137.0,31.27857142857143
56,427.5,257.0,13394.0,31.330994152046785
57,435.0,241.0,13635.0,31.344827586206897
58,442.5,234.0,13869.0,31.34237288135593
59,450.0,234.0,14103.0,31.34
60,457.5,232.0,14335.0,31.333333333333332
61,465.0,224.0,14559.0,31.309677419354838
62,472.5,257.0,14816.0,31.356613756613758
63,480.0,222.0,15038.0,31.329166666666666
64,487.5,228.0,15266.0,31.314871794871795
65,495.0,232.0,15498.0,31.30909090909091
66,502.5,228.0,15726.0,31.2955223880597
67,510.0,193.0,15919.0,31.21372549019608
68,517.5,239.0,16158.0,31.223188405797103
69,525.0,241.0,16399.0,31.236190476190476
70,532.5,250.0,16649.0,31.265727699530515
71,540.0,244.0,16893.0,31.283333333333335
72,547.5,224.0,17117.0,31.26392694063927
73,555.0,249.0,17366.0,31.29009009009009
74,562.5,238.0,17604.0,31.296
75,570.0,214.0,17818.0,31.25964912280702
76,577.5,262.0,18080.0,31.307359307359306
77,585.0,232.0,18312.0,31.3025641025641
78,592.5,233.0,18545.0,31.29957805907173
79,600.0,212.0,18757.0,31.261666666666667
80,607.5,229.0,18986.0,31.25267489711934
81,615.0,221.0,19207.0,31.23089430894309
82,622.5,236.0,19443.0,31.233734939759035
83,630.0,249.0,19692.0,31.257142857142856
84,637.5,231.0,19923.0,31.25176470588235
85,645.0,237.0,20160.0,31.25581395348837
86,652.5,269.0,20429.0,31.3088122605364
87,660.0,255.0,20684.0,31.33939393939394
88,667.5,246.0,20930.0,31.355805243445694
89,675.0,218.0,21148.0,31.33037037037037
90,682.5,228.0,21376.0,31.32014652014652
91,690.0,232.0,21608.0,31.315942028985507
92,697.5,251.0,21859.0,31.33906810035842
93,705.0,216.0,22075.0,31.31205673758865
94,712.5,233.0,22308.0,31.309473684210527
95,720.0,217.0,22525.0,31.28472222222222
96,727.5,222.0,22747.0,31.267353951890033
97,735.0,215.0,22962.0,31.240816326530613
98,742.5,209.0,23171.0,31.206734006734006
99,750.0,232.0,23403.0,31.204
100,757.5,236.0,23639.0,31.206600660066005
101,765.0,226.0,23865.0,31.19607843137255
102,772.5,247.0,24112.0,31.21294498381877
103,780.0,253.0,24365.0,31.237179487179485
104,787.5,212.0,24577.0,31.20888888888889
105,795.0,255.0,24832.0,31.235220125786164
106,802.5,231.0,25063.0,31.23115264797508
107,810.0,231.0,25294.0,31.22716049382716
108,817.5,240.0,25534.0,31.234250764525992
109,825.0,224.0,25758.0,31.221818181818183
110,832.5,231.0,25989.0,31.218018018018018
111,840.0,233.0,26222.0,31.216666666666665
112,847.5,246.0,26468.0,31.230678466076697
113,855.0,220.0,26688.0,31.2140350877193
114,862.5,265.0,26953.0,31.249855072463767
115,870.0,246.0,27199.0,31.263218390804596
116,877.5,263.0,27462.0,31.295726495726495
117,885.0,243.0,27705.0,31.305084745762713
118,892.5,240.0,27945.0,31.310924369747898
119,900.0,225.0,28170.0,31.3
120,907.5,237.0,28407.0,31.302479338842975
121,915.0,240.0,28647.0,31.308196721311475
122,922.5,235.0,28882.0,31.30840108401084
123,930.0,219.0,29101.0,31.291397849462367
124,937.5,233.0,29334.0,31.2896
125,945.0,266.0,29600.0,31.322751322751323
126,952.5,232.0,29832.0,31.31968503937008
127,960.0,252.0,30084.0,31.3375
128,967.5,247.0,30331.0,31.349870801033592
129,975.0,223.0,30554.0,31.3374358974359
130,982.5,216.0,30770.0,31.318066157760814
131,990.0,222.0,30992.0,31.305050505050506
132,997.5,239.0,31231.0,31.309273182957394
133,1005.0,240.0,31471.0,31.31442786069652
134,1012.5,226.0,31697.0,31.305679012345678
135,1020.0,235.0,31932.0,31.305882352941175
136,1027.5,239.0,32171.0,31.309975669099757
137,1035.0,248.0,32419.0,31.32270531400966
138,1042.5,275.0,32694.0,31.36115107913669
139,1050.0,261.0,32955.0,31.385714285714286
140,1057.5,253.0,33208.0,31.402364066193854
141,1065.0,227.0,33435.0,31.3943661971831
142,1072.5,231.0,33666.0,31.39020979020979
143,1080.0,231.0,33897.0,31.386111111111113
144,1087.5,227.0,34124.0,31.3783908045977
145,1095.0,224.0,34348.0,31.368036529680364
146,1102.5,253.0,34601.0,31.384126984126983
147,1110.0,243.0,34844.0,31.39099099099099
148,1117.5,231.0,35075.0,31.387024608501118
149,1125.0,234.0,35309.0,31.38577777777778
150,1132.5,246.0,35555.0,31.395143487858718
151,1140.0,226.0,35781.0,31.38684210526316
152,1147.5,229.0,36010.0,31.381263616557735
153,1155.0,226.0,36236.0,31.373160173160173
154,1162.5,245.0,36481.0,31.381505376344087
155,1170.0,225.0,36706.0,31.37264957264957
156,1177.5,244.0,36950.0,31.38004246284501
157,1185.0,267.0,37217.0,31.40675105485232
158,1192.5,213.0,37430.0,31.38784067085954
159,1200.0,222.0,37652.0,31.376666666666665
160,1207.5,222.0,37874.0,31.365631469979295
161,1215.0,223.0,38097.0,31.355555555555554
162,1222.5,265.0,38362.0,31.3799591002045
163,1230.0,232.0,38594.0,31.377235772357725
164,1237.5,232.0,38826.0,31.374545454545455
165,1245.0,217.0,39043.0,31.35983935742972
166,1252.5,260.0,39303.0,31.379640718562875
167,1260.0,230.0,39533.0,31.375396825396827
168,1267.5,257.0,39790.0,31.39250493096647
169,1275.0,202.0,39992.0,31.366274509803922
170,1282.5,233.0,40225.0,31.364522417153996
171,1290.0,232.0,40457.0,31.36201550387597
172,1297.5,258.0,40715.0,31.37957610789981
173,1305.0,231.0,40946.0,31.37624521072797
174,1312.5,231.0,41177.0,31.37295238095238
175,1320.0,234.0,41411.0,31.371969696969696
176,1327.5,224.0,41635.0,31.36346516007533
177,1335.0,226.0,41861.0,31.356554307116106
178,1342.5,241.0,42102.0,31.360893854748603
179,1350.0,242.0,42344.0,31.365925925925925
180,1357.5,225.0,42569.0,31.358379373848987
181,1365.0,230.0,42799.0,31.354578754578753
182,1372.5,223.0,43022.0,31.345719489981786
183,1380.0,242.0,43264.0,31.35072463768116
184,1387.5,214.0,43478.0,31.335495495495497
185,1395.0,215.0,43693.0,31.32114695340502
186,1402.5,237.0,43930.0,31.32263814616756
187,1410.0,227.0,44157.0,31.317021276595746
188,1417.5,217.0,44374.0,31.30440917107584
189,1425.0,222.0,44596.0,31.295438596491227
190,1432.5,251.0,44847.0,31.306806282722512
191,1440.0,215.0,45062.0,31.293055555555554
192,1447.5,227.0,45289.0,31.287737478411053
193,1455.0,250.0,45539.0,31.29828178694158
194,1462.5,246.0,45785.0,31.305982905982905
195,1470.0,222.0,46007.0,31.297278911564625
196,1477.5,233.0,46240.0,31.296108291032148
197,1485.0,235.0,46475.0,31.296296296296298
198,1492.5,212.0,46687.0,31.28107202680067
199,1500.0,212.0,46899.0,31.266
200,1507.5,243.0,47142.0,31.271641791044775
201,1515.0,233.0,47375.0,31.27062706270627
202,1522.5,226.0,47601.0,31.265024630541873
203,1530.0,237.0,47838.0,31.266666666666666
204,1537.5,221.0,48059.0,31.25788617886179
205,1545.0,231.0,48290.0,31.25566343042071
206,1552.5,203.0,48493.0,31.235426731078906
207,1560.0,235.0,48728.0,31.235897435897435
208,1567.5,228.0,48956.0,31.23189792663477
209,1575.0,241.0,49197.0,31.236190476190476
210,1582.5,216.0,49413.0,31.224644549763035
211,1590.0,253.0,49666.0,31.236477987421384
212,1597.5,237.0,49903.0,31.238184663536778
213,1605.0,227.0,50130.0,31.233644859813083
214,1612.5,228.0,50358.0,31.229767441860464
215,1620.0,227.0,50585.0,31.22530864197531
216,1627.5,215.0,50800.0,31.213517665130567
217,1635.0,220.0,51020.0,31.204892966360855
218,1642.5,236.0,51256.0,31.206088280060882
219,1650.0,244.0,51500.0,31.21212121212121
220,1657.5,223.0,51723.0,31.205429864253393
221,1665.0,245.0,51968.0,31.21201201201201
222,1672.5,229.0,52197.0,31.208968609865472
223,1680.0,218.0,52415.0,31.199404761904763
224,1687.5,225.0,52640.0,31.194074074074074
225,1695.0,230.0,52870.0,31.19174041297935
226,1702.5,227.0,53097.0,31.187665198237884
227,1710.0,242.0,53339.0,31.192397660818713
228,1717.5,222.0,53561.0,31.185443959243084
229,1725.0,271.0,53832.0,31.20695652173913
230,1732.5,257.0,54089.0,31.22020202020202
231,1740.0,259.0,54348.0,31.23448275862069
232,1747.5,257.0,54605.0,31.24749642346209
233,1755.0,247.0,54852.0,31.254700854700854
234,1762.5,276.0,55128.0,31.278297872340424
235,1770.0,215.0,55343.0,31.267231638418078
236,1777.5,238.0,55581.0,31.269198312236288
237,1785.0,222.0,55803.0,31.26218487394958
238,1792.5,235.0,56038.0,31.262482566248256
239,1800.0,241.0,56279.0,31.266111111111112
240,1807.5,247.0,56526.0,31.273029045643153
241,1815.0,245.0,56771.0,31.278787878787877
242,1822.5,237.0,57008.0,31.280109739369
243,1830.0,227.0,57235.0,31.275956284153004
244,1837.5,264.0,57499.0,31.291972789115647
245,1845.0,254.0,57753.0,31.302439024390242
246,1852.5,224.0,57977.0,31.296626180836707
247,1860.0,217.0,58194.0,31.287096774193547
248,1867.5,233.0,58427.0,31.286211512717536
249,1875.0,219.0,58646.0,31.277866666666668
250,1882.5,225.0,58871.0,31.27277556440903
251,1890.0,249.0,59120.0,31.280423280423282
252,1897.5,239.0,59359.0,31.28274044795784
253,1905.0,243.0,59602.0,31.287139107611548
254,1912.5,230.0,59832.0,31.28470588235294
255,1920.0,216.0,60048.0,31.275
256,1927.5,261.0,60309.0,31.288715953307392
257,1935.0,244.0,60553.0,31.293540051679585
258,1942.5,235.0,60788.0,31.293693693693694
259,1950.0,244.0,61032.0,31.298461538461538
260,1957.5,205.0,61237.0,31.283269476372926
261,1965.0,231.0,61468.0,31.281424936386767
262,1972.5,236.0,61704.0,31.28212927756654
263,1980.0,214.0,61918.0,31.27171717171717
264,1987.5,225.0,62143.0,31.26691823899371
265,1995.0,247.0,62390.0,31.273182957393484
266,2002.5,243.0,62633.0,31.277403245942573
267,2010.0,231.0,62864.0,31.275621890547264
268,2017.5,220.0,63084.0,31.268401486988846
269,2025.0,214.0,63298.0,31.258271604938273
270,2032.5,242.0,63540.0,31.2619926199262
271,2040.0,236.0,63776.0,31.262745098039215
272,2047.5,250.0,64026.0,31.27032967032967
273,2055.0,243.0,64269.0,31.274452554744524
274,2062.5,172.0,64441.0,31.24412121212121
275,2070.0,230.0,64671.0,31.242028985507247
276,2077.5,256.0,64927.0,31.252466907340555
277,2085.0,235.0,65162.0,31.25275779376499
278,2092.5,244.0,65406.0,31.257347670250898
279,2100.0,256.0,65662.0,31.267619047619046
280,2107.5,231.0,65893.0,31.265954922894423
281,2115.0,233.0,66126.0,31.265248226950355
282,2122.5,243.0,66369.0,31.269257950530037
283,2130.0,237.0,66606.0,31.270422535211267
284,2137.5,215.0,66821.0,31.261286549707602
285,2145.0,242.0,67063.0,31.264801864801864
286,2152.5,240.0,67303.0,31.267363530778166
287,2160.0,220.0,67523.0,31.26064814814815
288,2167.5,263.0,67786.0,31.273817762399077
289,2175.0,236.0,68022.0,31.27448275862069
290,2182.5,231.0,68253.0,31.272852233676975
291,2190.0,256.0,68509.0,31.282648401826485
292,2197.5,238.0,68747.0,31.284186575654154
293,2205.0,238.0,68985.0,31.285714285714285
294,2212.5,230.0,69215.0,31.28361581920904
295,2220.0,219.0,69434.0,31.276576576576577
296,2227.5,229.0,69663.0,31.274074074074075
297,2235.0,231.0,69894.0,31.27248322147651
298,2242.5,211.0,70105.0,31.261984392419176
299,2250.0,233.0,70338.0,31.261333333333333
300,2257.5,255.0,70593.0,31.270431893687707
301,2265.0,243.0,70836.0,31.274172185430462
302,2272.5,252.0,71088.0,31.281848184818482
303,2280.0,237.0,71325.0,31.282894736842106
304,2287.5,244.0,71569.0,31.286994535519124
305,2295.0,222.0,71791.0,31.28148148148148
306,2302.5,237.0,72028.0,31.282519001085777
307,2310.0,239.0,72267.0,31.284415584415584
308,2317.5,214.0,72481.0,31.275512405609494
309,2325.0,208.0,72689.0,31.264086021505378
310,2332.5,233.0,72922.0,31.263451232583066
311,2340.0,260.0,73182.0,31.274358974358975
312,2347.5,220.0,73402.0,31.268157614483492
313,2355.0,238.0,73640.0,31.269639065817408
314,2362.5,258.0,73898.0,31.27957671957672
315,2370.0,233.0,74131.0,31.2789029535865
316,2377.5,237.0,74368.0,31.279915878023132
317,2385.0,238.0,74606.0,31.281341719077567
318,2392.5,220.0,74826.0,31.27523510971787
319,2400.0,242.0,75068.0,31.278333333333332
320,2407.5,250.0,75318.0,31.28473520249221
321,2415.0,223.0,75541.0,31.27991718426501
322,2422.5,216.0,75757.0,31.272239422084624
323,2430.0,225.0,75982.0,31.268312757201645
324,2437.5,229.0,76211.0,31.266051282051283
325,2445.0,224.0,76435.0,31.261758691206545
326,2452.5,211.0,76646.0,31.252191641182467
327,2460.0,243.0,76889.0,31.255691056910567
328,2467.5,238.0,77127.0,31.257142857142856
329,2475.0,237.0,77364.0,31.258181818181818
330,2482.5,229.0,77593.0,31.25599194360524
331,2490.0,243.0,77836.0,31.259437751004015
332,2497.5,227.0,78063.0,31.256456456456455
333,2505.0,259.0,78322.0,31.26626746506986
334,2512.5,224.0,78546.0,31.262089552238805
335,2520.0,231.0,78777.0,31.260714285714286
336,2527.5,225.0,79002.0,31.256973293768546
337,2535.0,218.0,79220.0,31.25049309664694
338,2542.5,248.0,79468.0,31.255850540806293
339,2550.0,250.0,79718.0,31.261960784313725
340,2557.5,256.0,79974.0,31.270381231671553
341,2565.0,223.0,80197.0,31.26588693957115
342,2572.5,240.0,80437.0,31.268027210884355
343,2580.0,240.0,80677.0,31.27015503875969
344,2587.5,238.0,80915.0,31.271497584541063
345,2595.0,256.0,81171.0,31.279768786127168
346,2602.5,235.0,81406.0,31.279923150816522
347,2610.0,244.0,81650.0,31.28352490421456
348,2617.5,250.0,81900.0,31.289398280802292
349,2625.0,226.0,82126.0,31.28609523809524
350,2632.5,249.0,82375.0,31.291547958214625
351,2640.0,244.0,82619.0,31.29507575757576
352,2647.5,254.0,82873.0,31.302360717658168
353,2655.0,262.0,83135.0,31.31261770244821
354,2662.5,211.0,83346.0,31.303661971830987
355,2670.0,242.0,83588.0,31.306367041198502
356,2677.5,235.0,83823.0,31.30644257703081
357,2685.0,232.0,84055.0,31.30540037243948
358,2692.5,240.0,84295.0,31.307335190343547
359,2700.0,228.0,84523.0,31.304814814814815
360,2707.5,233.0,84756.0,31.30415512465374
361,2715.0,257.0,85013.0,31.31233885819521
362,2722.5,217.0,85230.0,31.305785123966942
363,2730.0,272.0,85502.0,31.31941391941392
364,2737.5,253.0,85755.0,31.326027397260273
365,2745.0,215.0,85970.0,31.318761384335154
366,2752.5,212.0,86182.0,31.310445049954588
367,2760.0,221.0,86403.0,31.305434782608696
368,2767.5,240.0,86643.0,31.307317073170733
369,2775.0,257.0,86900.0,31.315315315315317
370,2782.5,245.0,87145.0,31.31895777178796
371,2790.0,245.0,87390.0,31.322580645161292
372,2797.5,256.0,87646.0,31.33011617515639
373,2805.0,234.0,87880.0,31.32976827094474
374,2812.5,226.0,88106.0,31.32657777777778
375,2820.0,256.0,88362.0,31.33404255319149
376,2827.5,240.0,88602.0,31.33580901856764
377,2835.0,219.0,88821.0,31.33015873015873
378,2842.5,268.0,89089.0,31.341776605101142
379,2850.0,210.0,89299.0,31.33298245614035
380,2857.5,236.0,89535.0,31.333333333333332
381,2865.0,221.0,89756.0,31.328446771378708
382,2872.5,244.0,90000.0,31.33159268929504
383,2880.0,199.0,90199.0,31.319097222222222
384,2887.5,235.0,90434.0,31.3191341991342
385,2895.0,235.0,90669.0,31.31917098445596
386,2902.5,228.0,90897.0,31.316795865633075
387,2910.0,242.0,91139.0,31.319243986254296
388,2917.5,234.0,91373.0,31.318937446443872
389,2925.0,254.0,91627.0,31.325470085470087
390,2932.5,245.0,91872.0,31.328900255754476
391,2940.0,231.0,92103.0,31.327551020408162
392,2947.5,243.0,92346.0,31.33027989821883
393,2955.0,222.0,92568.0,31.325888324873098
394,2962.5,245.0,92813.0,31.329282700421942
395,2970.0,216.0,93029.0,31.322895622895622
396,2977.5,249.0,93278.0,31.327623845507976
397,2985.0,226.0,93504.0,31.32462311557789
398,2992.5,213.0,93717.0,31.317293233082708
399,3000.0,218.0,93935.0,31.311666666666667
400,3007.5,211.0,94146.0,31.30374064837905
401,3015.0,245.0,94391.0,31.307131011608625
402,3022.5,219.0,94610.0,31.301902398676592
403,3030.0,220.0,94830.0,31.297029702970296
404,3037.5,221.0,95051.0,31.292510288065845
405,3045.0,244.0,95295.0,31.295566502463053
406,3052.5,253.0,95548.0,31.301556101556102
407,3060.0,228.0,95776.0,31.299346405228757
408,3067.5,216.0,95992.0,31.29323553382233
409,3075.0,228.0,96220.0,31.291056910569107
410,3082.5,220.0,96440.0,31.286293592862936
411,3090.0,231.0,96671.0,31.285113268608413
412,3097.5,219.0,96890.0,31.28006456820016
413,3105.0,231.0,97121.0,31.27890499194847
414,3112.5,237.0,97358.0,31.279678714859436
415,3120.0,230.0,97588.0,31.27820512820513
416,3127.5,238.0,97826.0,31.2792965627498
417,3135.0,254.0,98080.0,31.28548644338118
418,3142.5,248.0,98328.0,31.289737470167065
419,3150.0,226.0,98554.0,31.286984126984127
420,3157.5,243.0,98797.0,31.289627870150436
421,3165.0,248.0,99045.0,31.29383886255924
422,3172.5,219.0,99264.0,31.288888888888888
423,3180.0,224.0,99488.0,31.285534591194967
424,3187.5,225.0,99713.0,31.28250980392157
425,3195.0,261.0,99974.0,31.29076682316119
426,3202.5,243.0,100217.0,31.29336455893833
427,3210.0,223.0,100440.0,31.289719626168225
428,3217.5,241.0,100681.0,31.291686091686092
429,3225.0,245.0,100926.0,31.294883720930233
430,3232.5,227.0,101153.0,31.29249806651199
431,3240.0,239.0,101392.0,31.293827160493827
432,3247.5,260.0,101652.0,31.30161662817552
433,3255.0,230.0,101882.0,31.30015360983103
434,3262.5,235.0,102117.0,31.300229885057473
435,3270.0,230.0,102347.0,31.298776758409787
436,3277.5,249.0,102596.0,31.303127383676582
437,3285.0,231.0,102827.0,31.301978691019787
438,3292.5,225.0,103052.0,31.299012908124524
439,3300.0,260.0,103312.0,31.30666666666667
440,3307.5,266.0,103578.0,31.31609977324263
441,3315.0,241.0,103819.0,31.317948717948717
442,3322.5,234.0,104053.0,31.31768246802107
443,3330.0,228.0,104281.0,31.315615615615616
444,3337.5,237.0,104518.0,31.31625468164794
445,3345.0,235.0,104753.0,31.31629297458894
446,3352.5,220.0,104973.0,31.31185682326622
447,3360.0,226.0,105199.0,31.309226190476192
448,3367.5,230.0,105429.0,31.307795100222716
449,3375.0,246.0,105675.0,31.31111111111111
450,3382.5,205.0,105880.0,31.302291204730228
451,3390.0,242.0,106122.0,31.304424778761064
452,3397.5,255.0,106377.0,31.31037527593819
453,3405.0,217.0,106594.0,31.305139500734214
454,3412.5,238.0,106832.0,31.306080586080586
455,3420.0,213.0,107045.0,31.299707602339183
456,3427.5,218.0,107263.0,31.294821298322393
457,3435.0,213.0,107476.0,31.288500727802038
458,3442.5,253.0,107729.0,31.293827160493827
459,3450.0,270.0,107999.0,31.304057971014494
460,3457.5,255.0,108254.0,31.30990600144613
461,3465.0,221.0,108475.0,31.305916305916305
462,3472.5,233.0,108708.0,31.305399568034556
463,3480.0,223.0,108931.0,31.302011494252874
464,3487.5,261.0,109192.0,31.309534050179213
465,3495.0,244.0,109436.0,31.312160228898428
466,3502.5,250.0,109686.0,31.316488222698073
467,3510.0,246.0,109932.0,31.31965811965812
468,3517.5,224.0,110156.0,31.316560056858563
469,3525.0,256.0,110412.0,31.322553191489362
470,3532.5,243.0,110655.0,31.32484076433121
471,3540.0,214.0,110869.0,31.318926553672316
472,3547.5,232.0,111101.0,31.318111346018323
473,3555.0,249.0,111350.0,31.32208157524613
474,3562.5,254.0,111604.0,31.327438596491227
475,3570.0,231.0,111835.0,31.326330532212886
476,3577.5,217.0,112052.0,31.321313766596784
477,3585.0,228.0,112280.0,31.319386331938635
478,3592.5,237.0,112517.0,31.319972164231036
479,3600.0,228.0,112745.0,31.318055555555556
480,3607.5,232.0,112977.0,31.317255717255716
481,3615.0,251.0,113228.0,31.32171507607192
482,3622.5,253.0,113481.0,31.32670807453416
483,3630.0,241.0,113722.0,31.328374655647384
484,3637.5,255.0,113977.0,31.333883161512027
485,3645.0,204.0,114181.0,31.32537722908093
486,3652.5,240.0,114421.0,31.326762491444217
487,3660.0,223.0,114644.0,31.323497267759564
488,3667.5,229.0,114873.0,31.321881390593045
489,3675.0,269.0,115142.0,31.331156462585035
490,3682.5,241.0,115383.0,31.332790224032586
491,3690.0,216.0,115599.0,31.327642276422765
492,3697.5,217.0,115816.0,31.322785665990533
493,3705.0,244.0,116060.0,31.32523616734143
494,3712.5,275.0,116335.0,31.336026936026936
495,3720.0,241.0,116576.0,31.33763440860215
496,3727.5,239.0,116815.0,31.33869885982562
497,3735.0,232.0,117047.0,31.33788487282463
498,3742.5,246.0,117293.0,31.340814963259852
499,3750.0,243.0,117536.0,31.342933333333335
500,3757.5,257.0,117793.0,31.348769128409845
501,3765.0,238.0,118031.0,31.34953519256308
502,3772.5,229.0,118260.0,31.347912524850894
503,3780.0,211.0,118471.0,31.341534391534392
504,3787.5,249.0,118720.0,31.345214521452146
505,3795.0,229.0,118949.0,31.34361001317523
506,3802.5,227.0,119176.0,31.341485864562788
507,3810.0,229.0,119405.0,31.33989501312336
508,3817.5,262.0,119667.0,31.346954813359527
509,3825.0,226.0,119893.0,31.344575163398694
510,3832.5,249.0,120142.0,31.348206131767775
511,3840.0,247.0,120389.0,31.351302083333334
512,3847.5,256.0,120645.0,31.35672514619883
513,3855.0,228.0,120873.0,31.35486381322957
514,3862.5,237.0,121110.0,31.355339805825242
515,3870.0,254.0,121364.0,31.36020671834625
516,3877.5,231.0,121595.0,31.359123146357188
517,3885.0,234.0,121829.0,31.35881595881596
518,3892.5,232.0,122061.0,31.357996146435454
519,3900.0,244.0,122305.0,31.36025641025641
520,3907.5,231.0,122536.0,31.35918106206014
521,3915.0,231.0,122767.0,31.358109833971902
522,3922.5,224.0,122991.0,31.35525812619503
523,3930.0,272.0,123263.0,31.364631043257
524,3937.5,231.0,123494.0,31.363555555555557
525,3945.0,223.0,123717.0,31.36045627376426
526,3952.5,246.0,123963.0,31.363187855787476
527,3960.0,256.0,124219.0,31.368434343434345
528,3967.5,229.0,124448.0,31.36685570258349
529,3975.0,233.0,124681.0,31.3662893081761
530,3982.5,257.0,124938.0,31.37175141242938
531,3990.0,268.0,125206.0,31.379949874686716
532,3997.5,227.0,125433.0,31.377861163227017
533,4005.0,226.0,125659.0,31.37553058676654
534,4012.5,250.0,125909.0,31.37919003115265
535,4020.0,239.0,126148.0,31.38009950248756
536,4027.5,248.0,126396.0,31.383240223463687
537,4035.0,248.0,126644.0,31.38636926889715
538,4042.5,248.0,126892.0,31.38948670377242
539,4050.0,239.0,127131.0,31.39037037037037
540,4057.5,226.0,127357.0,31.38804682686383
541,4065.0,219.0,127576.0,31.3840098400984
542,4072.5,257.0,127833.0,31.389318600368323
543,4080.0,225.0,128058.0,31.386764705882353
544,4087.5,260.0,128318.0,31.392782874617737
545,4095.0,239.0,128557.0,31.393650793650792
546,4102.5,207.0,128764.0,31.386715417428398
547,4110.0,234.0,128998.0,31.386374695863747
548,4117.5,270.0,129268.0,31.39477838494232
549,4125.0,253.0,129521.0,31.399030303030305
550,4132.5,256.0,129777.0,31.40399274047187
551,4140.0,226.0,130003.0,31.40169082125604
552,4147.5,213.0,130216.0,31.396262808921037
553,4155.0,225.0,130441.0,31.393742478941036
554,4162.5,230.0,130671.0,31.392432432432432
555,4170.0,223.0,130894.0,31.389448441247
556,4177.5,259.0,131153.0,31.39509275882705
557,4185.0,226.0,131379.0,31.392831541218637
558,4192.5,241.0,131620.0,31.394156231365535
559,4200.0,228.0,131848.0,31.392380952380954
560,4207.5,241.0,132089.0,31.393701723113487
561,4215.0,242.0,132331.0,31.395255041518386
562,4222.5,223.0,132554.0,31.39230313795145
563,4230.0,214.0,132768.0,31.387234042553192
564,4237.5,266.0,133034.0,31.394454277286137
565,4245.0,238.0,133272.0,31.39505300353357
566,4252.5,242.0,133514.0,31.396590241034687
567,4260.0,246.0,133760.0,31.399061032863848
568,4267.5,223.0,133983.0,31.396133567662567
569,4275.0,266.0,134249.0,31.403274853801168
570,4282.5,225.0,134474.0,31.400817279626388
571,4290.0,265.0,134739.0,31.407692307692308
572,4297.5,218.0,134957.0,31.403606748109365
573,4305.0,248.0,135205.0,31.40650406504065
574,4312.5,240.0,135445.0,31.40753623188406
575,4320.0,240.0,135685.0,31.408564814814813
576,4327.5,216.0,135901.0,31.404043905257076
577,4335.0,228.0,136129.0,31.40230680507497
578,4342.5,209.0,136338.0,31.396200345423143
579,4350.0,263.0,136601.0,31.402528735632185
580,4357.5,226.0,136827.0,31.400344234079174
581,4365.0,247.0,137074.0,31.402978235967925
582,4372.5,238.0,137312.0,31.403544882790165
583,4380.0,222.0,137534.0,31.400456621004565
584,4387.5,245.0,137779.0,31.40262108262108
585,4395.0,231.0,138010.0,31.401592718998863
586,4402.5,228.0,138238.0,31.399886428165814
587,4410.0,227.0,138465.0,31.397959183673468
588,4417.5,268.0,138733.0,31.40531975099038
589,4425.0,254.0,138987.0,31.40949152542373
590,4432.5,250.0,139237.0,31.412746756909193
591,4440.0,230.0,139467.0,31.411486486486485
592,4447.5,242.0,139709.0,31.412928611579538
593,4455.0,233.0,139942.0,31.412345679012347
594,4462.5,241.0,140183.0,31.413557422969188
595,4470.0,245.0,140428.0,31.415659955257272
596,4477.5,258.0,140686.0,31.42065884980458
597,4485.0,237.0,140923.0,31.420958751393535
598,4492.5,213.0,141136.0,31.415915414579857
599,4500.0,224.0,141360.0,31.413333333333334
600,4507.5,213.0,141573.0,31.408319467554076
601,4515.0,211.0,141784.0,31.402879291251384
602,4522.5,223.0,142007.0,31.400110558319515
603,4530.0,233.0,142240.0,31.399558498896248
604,4537.5,219.0,142459.0,31.395922865013773
605,4545.0,212.0,142671.0,31.390759075907592
606,4552.5,223.0,142894.0,31.388028555738604
607,4560.0,241.0,143135.0,31.38925438596491
608,4567.5,241.0,143376.0,31.39047619047619
609,4575.0,235.0,143611.0,31.3903825136612
610,4582.5,237.0,143848.0,31.390725586470268
611,4590.0,249.0,144097.0,31.393681917211328
612,4597.5,243.0,144340.0,31.395323545405112
613,4605.0,254.0,144594.0,31.399348534201955
614,4612.5,228.0,144822.0,31.397723577235773
615,4620.0,247.0,145069.0,31.40021645021645
616,4627.5,240.0,145309.0,31.401188546731497
617,4635.0,225.0,145534.0,31.398921251348437
618,4642.5,212.0,145746.0,31.393861066235864
619,4650.0,226.0,145972.0,31.391827956989246
620,4657.5,235.0,146207.0,31.391733762748256
621,4665.0,235.0,146442.0,31.391639871382637
622,4672.5,223.0,146665.0,31.388978063135365
623,4680.0,270.0,146935.0,31.396367521367523
624,4687.5,238.0,147173.0,31.396906666666666
625,4695.0,243.0,147416.0,31.398509052183172
626,4702.5,215.0,147631.0,31.394152046783624
627,4710.0,241.0,147872.0,31.395329087048832
628,4717.5,242.0,148114.0,31.396714361420244
629,4725.0,235.0,148349.0,31.396613756613757
630,4732.5,210.0,148559.0,31.39123085050185
631,4740.0,264.0,148823.0,31.397257383966245
632,4747.5,249.0,149072.0,31.400105318588732
633,4755.0,240.0,149312.0,31.40105152471083
634,4762.5,245.0,149557.0,31.403044619422573
635,4770.0,233.0,149790.0,31.40251572327044
636,4777.5,232.0,150022.0,31.401779173207746
637,4785.0,240.0,150262.0,31.40271682340648
638,4792.5,234.0,150496.0,31.402399582681273
639,4800.0,226.0,150722.0,31.40041666666667
640,4807.5,225.0,150947.0,31.39823192927717
641,4815.0,215.0,151162.0,31.39397715472482
642,4822.5,253.0,151415.0,31.397615344738206
643,4830.0,241.0,151656.0,31.398757763975155
644,4837.5,258.0,151914.0,31.40341085271318
645,4845.0,240.0,152154.0,31.404334365325077
646,4852.5,228.0,152382.0,31.402782071097374
647,4860.0,232.0,152614.0,31.402057613168726
648,4867.5,250.0,152864.0,31.405033384694402
649,4875.0,248.0,153112.0,31.407589743589742
650,4882.5,224.0,153336.0,31.40522273425499
651,4890.0,236.0,153572.0,31.405316973415133
652,4897.5,209.0,153781.0,31.399897907095458
653,4905.0,247.0,154028.0,31.40224260958206
654,4912.5,240.0,154268.0,31.403155216284986
655,4920.0,212.0,154480.0,31.398373983739837
656,4927.5,230.0,154710.0,31.397260273972602
657,4935.0,243.0,154953.0,31.398784194528876
658,4942.5,245.0,155198.0,31.400708143651997
659,4950.0,245.0,155443.0,31.402626262626264
660,4957.5,255.0,155698.0,31.406555723651035
661,4965.0,234.0,155932.0,31.40624370594159
662,4972.5,247.0,156179.0,31.408547008547007
663,4980.0,233.0,156412.0,31.408032128514055
664,4987.5,253.0,156665.0,31.41152882205514
665,4995.0,247.0,156912.0,31.413813813813814
666,5002.5,220.0,157132.0,31.410694652673662
667,5010.0,232.0,157364.0,31.40998003992016
668,5017.5,223.0,157587.0,31.40747384155456
669,5025.0,243.0,157830.0,31.408955223880596
670,5032.5,256.0,158086.0,31.413015399900647
671,5040.0,245.0,158331.0,31.41488095238095
672,5047.5,244.0,158575.0,31.41654284299158
673,5055.0,217.0,158792.0,31.41285855588526
674,5062.5,218.0,159010.0,31.409382716049382
675,5070.0,220.0,159230.0,31.40631163708087
676,5077.5,239.0,159469.0,31.406991629739046
677,5085.0,232.0,159701.0,31.406293018682398
678,5092.5,222.0,159923.0,31.403632793323514
679,5100.0,247.0,160170.0,31.405882352941177
680,5107.5,231.0,160401.0,31.404992657856095
681,5115.0,210.0,160611.0,31.4
682,5122.5,239.0,160850.0,31.40068326012689
683,5130.0,249.0,161099.0,31.403313840155946
684,5137.5,248.0,161347.0,31.40574209245742
685,5145.0,263.0,161610.0,31.411078717201168
686,5152.5,264.0,161874.0,31.41659388646288
687,5160.0,240.0,162114.0,31.417441860465118
688,5167.5,235.0,162349.0,31.41731978713111
689,5175.0,192.0,162541.0,31.40888888888889
690,5182.5,236.0,162777.0,31.408972503617946
691,5190.0,208.0,162985.0,31.403660886319845
692,5197.5,240.0,163225.0,31.404521404521404
693,5205.0,225.0,163450.0,31.402497598463015
694,5212.5,203.0,163653.0,31.396258992805755
695,5220.0,257.0,163910.0,31.40038314176245
696,5227.5,233.0,164143.0,31.399904351984695
697,5235.0,228.0,164371.0,31.39847182425979
698,5242.5,235.0,164606.0,31.398378636146877
699,5250.0,231.0,164837.0,31.39752380952381
700,5257.5,238.0,165075.0,31.398002853067048
701,5265.0,231.0,165306.0,31.397150997150998
702,5272.5,243.0,165549.0,31.398577524893316
703,5280.0,255.0,165804.0,31.402272727272727
704,5287.5,244.0,166048.0,31.403877068557918
705,5295.0,263.0,166311.0,31.409065155807365
706,5302.5,232.0,166543.0,31.40839226779821
707,5310.0,210.0,166753.0,31.403578154425613
708,5317.5,262.0,167015.0,31.408556652562293
709,5325.0,251.0,167266.0,31.411455399061033
710,5332.5,218.0,167484.0,31.40815752461322
711,5340.0,257.0,167741.0,31.412172284644196
712,5347.5,240.0,167981.0,31.41299672744273
713,5355.0,237.0,168218.0,31.413258636788047
714,5362.5,234.0,168452.0,31.412960372960374
715,5370.0,246.0,168698.0,31.41489757914339
716,5377.5,226.0,168924.0,31.41311018131102
717,5385.0,258.0,169182.0,31.417270194986074
718,5392.5,251.0,169433.0,31.42012053778396
719,5400.0,239.0,169672.0,31.42074074074074
720,5407.5,253.0,169925.0,31.423948220064727
721,5415.0,247.0,170172.0,31.426038781163435
722,5422.5,219.0,170391.0,31.42295988934993
723,5430.0,223.0,170614.0,31.42062615101289
724,5437.5,224.0,170838.0,31.41848275862069
725,5445.0,229.0,171067.0,31.417263544536272
726,5452.5,223.0,171290.0,31.414947271893627
727,5460.0,197.0,171487.0,31.40787545787546
728,5467.5,230.0,171717.0,31.406858710562414
729,5475.0,231.0,171948.0,31.406027397260274
730,5482.5,231.0,172179.0,31.405198358413134
731,5490.0,239.0,172418.0,31.405828779599272
732,5497.5,231.0,172649.0,31.4050022737608
733,5505.0,235.0,172884.0,31.40490463215259
734,5512.5,232.0,173116.0,31.404263038548752
735,5520.0,242.0,173358.0,31.405434782608694
736,5527.5,239.0,173597.0,31.406060606060606
737,5535.0,228.0,173825.0,31.404697380307137
738,5542.5,242.0,174067.0,31.405863779882726
739,5550.0,240.0,174307.0,31.406666666666666
740,5557.5,212.0,174519.0,31.40242914979757
741,5565.0,250.0,174769.0,31.40503144654088
742,5572.5,231.0,175000.0,31.404217137729923
743,5580.0,243.0,175243.0,31.405555555555555
744,5587.5,232.0,175475.0,31.404921700223714
745,5595.0,265.0,175740.0,31.410187667560322
746,5602.5,215.0,175955.0,31.406514948683622
747,5610.0,257.0,176212.0,31.410338680926916
748,5617.5,248.0,176460.0,31.412550066755674
749,5625.0,252.0,176712.0,31.415466666666667
750,5632.5,232.0,176944.0,31.414824678206834
751,5640.0,238.0,177182.0,31.415248226950354
752,5647.5,227.0,177409.0,31.413722886232847
753,5655.0,253.0,177662.0,31.416799292661363
754,5662.5,237.0,177899.0,31.417041942604857
755,5670.0,245.0,178144.0,31.418694885361553
756,5677.5,243.0,178387.0,31.419991193306913
757,5685.0,236.0,178623.0,31.42005277044855
758,5692.5,239.0,178862.0,31.42064119455424
759,5700.0,250.0,179112.0,31.423157894736843
760,5707.5,239.0,179351.0,31.423740692071835
761,5715.0,236.0,179587.0,31.42379702537183
762,5722.5,244.0,179831.0,31.42525120139799
763,5730.0,245.0,180076.0,31.426876090750437
764,5737.5,265.0,180341.0,31.4319825708061
765,5745.0,228.0,180569.0,31.430635335073976
766,5752.5,212.0,180781.0,31.42651021295089
767,5760.0,219.0,181000.0,31.42361111111111
768,5767.5,231.0,181231.0,31.422800173385347
769,5775.0,211.0,181442.0,31.41852813852814
770,5782.5,225.0,181667.0,31.416688283614352
771,5790.0,234.0,181901.0,31.416407599309153
772,5797.5,225.0,182126.0,31.414575247951703
773,5805.0,247.0,182373.0,31.41653746770026
774,5812.5,256.0,182629.0,31.42004301075269
775,5820.0,222.0,182851.0,31.417697594501718
776,5827.5,245.0,183096.0,31.419305019305018
777,5835.0,212.0,183308.0,31.415252784918593
778,5842.5,226.0,183534.0,31.413607188703466
779,5850.0,261.0,183795.0,31.41794871794872
780,5857.5,214.0,184009.0,31.414255228339737
781,5865.0,250.0,184259.0,31.416709292412616
782,5872.5,218.0,184477.0,31.413707960834397
783,5880.0,243.0,184720.0,31.41496598639456
784,5887.5,242.0,184962.0,31.41605095541401
785,5895.0,234.0,185196.0,31.415776081424937
786,5902.5,237.0,185433.0,31.416010165184243
787,5910.0,243.0,185676.0,31.41725888324873
788,5917.5,246.0,185922.0,31.419011406844106
789,5925.0,232.0,186154.0,31.418396624472575
790,5932.5,243.0,186397.0,31.419637589549094
791,5940.0,251.0,186648.0,31.42222222222222
792,5947.5,231.0,186879.0,31.42143757881463
793,5955.0,215.0,187094.0,31.417968094038624
794,5962.5,232.0,187326.0,31.417358490566038
795,5970.0,222.0,187548.0,31.41507537688442
796,5977.5,248.0,187796.0,31.41714763697198
797,5985.0,232.0,188028.0,31.416541353383458
798,5992.5,239.0,188267.0,31.417104714226117
799,6000.0,220.0,188487.0,31.4145
800,6007.5,237.0,188724.0,31.4147315855181
801,6015.0,225.0,188949.0,31.412967581047383
802,6022.5,229.0,189178.0,31.41187214611872
803,6030.0,220.0,189398.0,31.409286898839138
804,6037.5,248.0,189646.0,31.41134575569358
805,6045.0,257.0,189903.0,31.414888337468984
806,6052.5,223.0,190126.0,31.412804626187526
807,6060.0,222.0,190348.0,31.41056105610561
808,6067.5,229.0,190577.0,31.40947672023074
809,6075.0,268.0,190845.0,31.414814814814815
810,6082.5,217.0,191062.0,31.41175503493629
811,6090.0,242.0,191304.0,31.4128078817734
812,6097.5,230.0,191534.0,31.41189011890119
813,6105.0,228.0,191762.0,31.41064701064701
814,6112.5,259.0,192021.0,31.41447852760736
815,6120.0,239.0,192260.0,31.415032679738562
816,6127.5,221.0,192481.0,31.41264789881681
817,6135.0,207.0,192688.0,31.407986960065198
818,6142.5,250.0,192938.0,31.41033781033781
819,6150.0,248.0,193186.0,31.412357723577237
820,6157.5,244.0,193430.0,31.413723101908243
821,6165.0,220.0,193650.0,31.41119221411192
822,6172.5,231.0,193881.0,31.41044957472661
823,6180.0,230.0,194111.0,31.409546925566342
824,6187.5,232.0,194343.0,31.408969696969695
825,6195.0,239.0,194582.0,31.409523809523808
826,6202.5,246.0,194828.0,31.411205159209995
827,6210.0,248.0,195076.0,31.413204508856683
828,6217.5,227.0,195303.0,31.411821471652594
829,6225.0,231.0,195534.0,31.411084337349397
830,6232.5,198.0,195732.0,31.405054151624547
831,6240.0,228.0,195960.0,31.403846153846153
832,6247.5,228.0,196188.0,31.40264105642257
833,6255.0,236.0,196424.0,31.40271782573941
834,6262.5,256.0,196680.0,31.405988023952094
835,6270.0,262.0,196942.0,31.410207336523126
836,6277.5,256.0,197198.0,31.41346077260056
837,6285.0,259.0,197457.0,31.417183770883057
838,6292.5,258.0,197715.0,31.420738974970202
839,6300.0,255.0,197970.0,31.423809523809524
840,6307.5,200.0,198170.0,31.41815299246928
841,6315.0,239.0,198409.0,31.418685669041963
842,6322.5,240.0,198649.0,31.419375247133253
843,6330.0,243.0,198892.0,31.42053712480253
844,6337.5,223.0,199115.0,31.41854043392505
845,6345.0,261.0,199376.0,31.42253743104807
846,6352.5,225.0,199601.0,31.420857929948838
847,6360.0,235.0,199836.0,31.420754716981133
848,6367.5,226.0,200062.0,31.419238319591678
849,6375.0,229.0,200291.0,31.41819607843137
850,6382.5,202.0,200493.0,31.41292596944771
851,6390.0,230.0,200723.0,31.412050078247262
852,6397.5,222.0,200945.0,31.40992575224697
853,6405.0,235.0,201180.0,31.40983606557377
854,6412.5,251.0,201431.0,31.41224171539961
855,6420.0,238.0,201669.0,31.412616822429907
856,6427.5,239.0,201908.0,31.41314663555037
857,6435.0,236.0,202144.0,31.413209013209013
858,6442.5,231.0,202375.0,31.412495149398527
859,6450.0,223.0,202598.0,31.410542635658913
860,6457.5,249.0,202847.0,31.412620983352692
861,6465.0,264.0,203111.0,31.417014694508893
862,6472.5,210.0,203321.0,31.413055233680957
863,6480.0,239.0,203560.0,31.41358024691358
864,6487.5,224.0,203784.0,31.411791907514452
865,6495.0,238.0,204022.0,31.412163202463432
866,6502.5,234.0,204256.0,31.411918492887352
867,6510.0,243.0,204499.0,31.41305683563748
868,6517.5,242.0,204741.0,31.41403912543153
869,6525.0,241.0,204982.0,31.41486590038314
870,6532.5,225.0,205207.0,31.413241484883276
871,6540.0,254.0,205461.0,31.41605504587156
872,6547.5,231.0,205692.0,31.415349369988544
873,6555.0,230.0,205922.0,31.41449275362319
874,6562.5,239.0,206161.0,31.415009523809523
875,6570.0,239.0,206400.0,31.41552511415525
876,6577.5,240.0,206640.0,31.416191562143673
877,6585.0,226.0,206866.0,31.41473044798785
878,6592.5,222.0,207088.0,31.412665908229048
879,6600.0,258.0,207346.0,31.416060606060608
880,6607.5,226.0,207572.0,31.414604615966706
881,6615.0,265.0,207837.0,31.419047619047618
882,6622.5,234.0,208071.0,31.41879954699887
883,6630.0,234.0,208305.0,31.418552036199095
884,6637.5,204.0,208509.0,31.413785310734465
885,6645.0,244.0,208753.0,31.415048908954102
886,6652.5,258.0,209011.0,31.418414130026306
887,6660.0,241.0,209252.0,31.41921921921922
888,6667.5,232.0,209484.0,31.41867266591676
889,6675.0,223.0,209707.0,31.416779026217228
890,6682.5,258.0,209965.0,31.420127197904975
891,6690.0,244.0,210209.0,31.42137518684604
892,6697.5,264.0,210473.0,31.42560656961553
893,6705.0,245.0,210718.0,31.426994780014915
894,6712.5,235.0,210953.0,31.42689013035382
895,6720.0,259.0,211212.0,31.430357142857144
896,6727.5,222.0,211434.0,31.428316610925307
897,6735.0,222.0,211656.0,31.42628062360802
898,6742.5,248.0,211904.0,31.428105302187618
899,6750.0,238.0,212142.0,31.428444444444445
900,6757.5,275.0,212417.0,31.434258231594523
901,6765.0,247.0,212664.0,31.435920177383593
902,6772.5,249.0,212913.0,31.437873754152825
903,6780.0,224.0,213137.0,31.436135693215338
904,6787.5,239.0,213376.0,31.43661141804788
905,6795.0,255.0,213631.0,31.43944076526858
906,6802.5,243.0,213874.0,31.440499816244028
907,6810.0,243.0,214117.0,31.441556534508077
908,6817.5,230.0,214347.0,31.44070407040704
909,6825.0,237.0,214584.0,31.44087912087912
910,6832.5,228.0,214812.0,31.4397365532382
911,6840.0,240.0,215052.0,31.440350877192984
912,6847.5,226.0,215278.0,31.438919313618108
913,6855.0,219.0,215497.0,31.436469730123996
914,6862.5,241.0,215738.0,31.437231329690345
915,6870.0,233.0,215971.0,31.43682678311499
916,6877.5,226.0,216197.0,31.435405307161034
917,6885.0,226.0,216423.0,31.433986928104574
918,6892.5,237.0,216660.0,31.4341675734494
919,6900.0,219.0,216879.0,31.43173913043478
920,6907.5,229.0,217108.0,31.430763662685486
921,6915.0,271.0,217379.0,31.43586406362979
922,6922.5,223.0,217602.0,31.434019501625137
923,6930.0,205.0,217807.0,31.42958152958153
924,6937.5,267.0,218074.0,31.43409009009009
925,6945.0,252.0,218326.0,31.436429085673147
926,6952.5,236.0,218562.0,31.436461704422868
927,6960.0,220.0,218782.0,31.43419540229885
928,6967.5,222.0,219004.0,31.43222102619304
929,6975.0,228.0,219232.0,31.43111111111111
930,6982.5,248.0,219480.0,31.432867883995705
931,6990.0,264.0,219744.0,31.436909871244634
932,6997.5,236.0,219980.0,31.436941764916043
933,7005.0,243.0,220223.0,31.437972876516774
934,7012.5,231.0,220454.0,31.43729055258467
935,7020.0,252.0,220706.0,31.43960113960114
936,7027.5,231.0,220937.0,31.43891853432942
937,7035.0,243.0,221180.0,31.43994314143568
938,7042.5,246.0,221426.0,31.441391551295705
939,7050.0,244.0,221670.0,31.442553191489363
940,7057.5,267.0,221937.0,31.446971307120084
941,7065.0,224.0,222161.0,31.445293701344657
942,7072.5,225.0,222386.0,31.443761046306115
943,7080.0,243.0,222629.0,31.444774011299437
944,7087.5,241.0,222870.0,31.445502645502646
945,7095.0,213.0,223083.0,31.44228329809725
946,7102.5,237.0,223320.0,31.442449841605068
947,7110.0,229.0,223549.0,31.441490857946555
948,7117.5,249.0,223798.0,31.44334387074113
949,7125.0,251.0,224049.0,31.445473684210526
950,7132.5,274.0,224323.0,31.450823694356817
951,7140.0,208.0,224531.0,31.446918767507004
952,7147.5,228.0,224759.0,31.44582021685904
953,7155.0,246.0,225005.0,31.44723969252271
954,7162.5,211.0,225216.0,31.443769633507852
955,7170.0,223.0,225439.0,31.441980474198047
956,7177.5,229.0,225668.0,31.44103099965169
957,7185.0,261.0,225929.0,31.444537230340988
958,7192.5,257.0,226186.0,31.447480013903373
959,7200.0,230.0,226416.0,31.446666666666665
960,7207.5,229.0,226645.0,31.44571626777662
961,7215.0,245.0,226890.0,31.446985446985448
962,7222.5,243.0,227133.0,31.44797507788162
963,7230.0,233.0,227366.0,31.447579529737204
964,7237.5,279.0,227645.0,31.453540587219344
965,7245.0,247.0,227892.0,31.455072463768115
966,7252.5,246.0,228138.0,31.4564632885212
967,7260.0,223.0,228361.0,31.454683195592285
968,7267.5,252.0,228613.0,31.456897144822843
969,7275.0,226.0,228839.0,31.45553264604811
970,7282.5,260.0,229099.0,31.45883968417439
971,7290.0,226.0,229325.0,31.457475994513032
972,7297.5,217.0,229542.0,31.454881808838643
973,7305.0,244.0,229786.0,31.45598904859685
974,7312.5,251.0,230037.0,31.458051282051283
975,7320.0,214.0,230251.0,31.455054644808744
976,7327.5,253.0,230504.0,31.457386557488913
977,7335.0,248.0,230752.0,31.45903203817314
978,7342.5,249.0,231001.0,31.46081035069799
979,7350.0,258.0,231259.0,31.463809523809523
980,7357.5,223.0,231482.0,31.462045531770304
981,7365.0,247.0,231729.0,31.463543788187373
982,7372.5,259.0,231988.0,31.466666666666665
983,7380.0,241.0,232229.0,31.467344173441735
984,7387.5,239.0,232468.0,31.467749576988155
985,7395.0,225.0,232693.0,31.466260987153483
986,7402.5,218.0,232911.0,31.463829787234044
987,7410.0,261.0,233172.0,31.467206477732795
988,7417.5,237.0,233409.0,31.467340748230537
989,7425.0,233.0,233642.0,31.466936026936025
990,7432.5,232.0,233874.0,31.466397578203836
991,7440.0,249.0,234123.0,31.468145161290323
992,7447.5,231.0,234354.0,31.467472306143
993,7455.0,253.0,234607.0,31.46975184439973
994,7462.5,225.0,234832.0,31.46827470686767
995,7470.0,221.0,235053.0,31.466265060240964
996,7477.5,207.0,235260.0,31.462387161484454
997,7485.0,237.0,235497.0,31.4625250501002
998,7492.5,279.0,235776.0,31.468268268268268
999,7500.0,244.0,236020.0,31.469333333333335
1000,7507.5,224.0,236244.0,31.467732267732266
1001,7515.0,238.0,236482.0,31.467997338656023
1002,7522.5,238.0,236720.0,31.468261881023597
1003,7530.0,229.0,236949.0,31.467330677290835
1004,7537.5,235.0,237184.0,31.467197346600333
1005,7545.0,239.0,237423.0,31.4675944333996
1006,7552.5,239.0,237662.0,31.467990731545846
1007,7560.0,242.0,237904.0,31.46878306878307
1008,7567.5,246.0,238150.0,31.470102411628677
1009,7575.0,250.0,238400.0,31.471947194719473
1010,7582.5,223.0,238623.0,31.4702274975272
1011,7590.0,246.0,238869.0,31.471541501976283
1012,7597.5,240.0,239109.0,31.472063178677196
1013,7605.0,255.0,239364.0,31.474556213017753
1014,7612.5,261.0,239625.0,31.47783251231527
1015,7620.0,232.0,239857.0,31.47729658792651
1016,7627.5,236.0,240093.0,31.477286135693216
1017,7635.0,215.0,240308.0,31.474525212835626
1018,7642.5,235.0,240543.0,31.47438665358194
1019,7650.0,238.0,240781.0,31.474640522875816
1020,7657.5,262.0,241043.0,31.478028077048645
1021,7665.0,232.0,241275.0,31.477495107632095
1022,7672.5,270.0,241545.0,31.481915933528835
1023,7680.0,234.0,241779.0,31.481640625
1024,7687.5,245.0,242024.0,31.48279674796748
1025,7695.0,261.0,242285.0,31.48602988953866
1026,7702.5,238.0,242523.0,31.48627069133398
1027,7710.0,254.0,242777.0,31.48858625162127
1028,7717.5,246.0,243023.0,31.489860706187237
1029,7725.0,260.0,243283.0,31.49294498381877
1030,7732.5,257.0,243540.0,31.495635305528612
1031,7740.0,204.0,243744.0,31.491472868217055
1032,7747.5,229.0,243973.0,31.49054533720555
1033,7755.0,244.0,244217.0,31.491553836234687
1034,7762.5,219.0,244436.0,31.489339774557166
1035,7770.0,271.0,244707.0,31.493822393822395
1036,7777.5,236.0,244943.0,31.493796207007392
1037,7785.0,204.0,245147.0,31.48965960179833
1038,7792.5,244.0,245391.0,31.490664100096247
1039,7800.0,224.0,245615.0,31.489102564102563
1040,7807.5,251.0,245866.0,31.49100224143452
1041,7815.0,231.0,246097.0,31.49033909149072
1042,7822.5,236.0,246333.0,31.490316395014382
1043,7830.0,237.0,246570.0,31.490421455938698
1044,7837.5,242.0,246812.0,31.49116427432217
1045,7845.0,248.0,247060.0,31.492670490758446
1046,7852.5,243.0,247303.0,31.493537090098695
1047,7860.0,270.0,247573.0,31.497837150127225
1048,7867.5,231.0,247804.0,31.497171909755323
1049,7875.0,240.0,248044.0,31.497650793650795
1050,7882.5,217.0,248261.0,31.49521091024421
1051,7890.0,258.0,248519.0,31.497972116603297
1052,7897.5,263.0,248782.0,31.50136119025008
1053,7905.0,240.0,249022.0,31.501834282099935
1054,7912.5,231.0,249253.0,31.501169036334915
1055,7920.0,231.0,249484.0,31.50050505050505
1056,7927.5,269.0,249753.0,31.504635761589405
1057,7935.0,221.0,249974.0,31.502709514807812
1058,7942.5,266.0,250240.0,31.50645262826566
1059,7950.0,247.0,250487.0,31.507798742138366
1060,7957.5,243.0,250730.0,31.508639648130693
1061,7965.0,252.0,250982.0,31.510608913998745
1062,7972.5,251.0,251233.0,31.51244904358733
1063,7980.0,218.0,251451.0,31.51015037593985
1064,7987.5,223.0,251674.0,31.508482003129892
1065,7995.0,211.0,251885.0,31.505315822388994
1066,8002.5,251.0,252136.0,31.50715401437051
1067,8010.0,254.0,252390.0,31.50936329588015
1068,8017.5,238.0,252628.0,31.509572809479263
1069,8025.0,243.0,252871.0,31.510404984423676
1070,8032.5,249.0,253120.0,31.5119825708061
1071,8040.0,246.0,253366.0,31.51318407960199
1072,8047.5,240.0,253606.0,31.51363777570674
1073,8055.0,246.0,253852.0,31.514835505896958
1074,8062.5,258.0,254110.0,31.517519379844963
1075,8070.0,253.0,254363.0,31.519578686493183
1076,8077.5,272.0,254635.0,31.523986381925102
1077,8085.0,235.0,254870.0,31.523809523809526
1078,8092.5,240.0,255110.0,31.524250849552054
1079,8100.0,231.0,255341.0,31.523580246913582
1080,8107.5,223.0,255564.0,31.521924144310823
1081,8115.0,240.0,255804.0,31.522365988909428
1082,8122.5,233.0,256037.0,31.521945213911973
1083,8130.0,233.0,256270.0,31.52152521525215
1084,8137.5,237.0,256507.0,31.521597542242702
1085,8145.0,220.0,256727.0,31.519582565991406
1086,8152.5,242.0,256969.0,31.52026985587243
1087,8160.0,243.0,257212.0,31.521078431372548
1088,8167.5,275.0,257487.0,31.525803489439852
1089,8175.0,226.0,257713.0,31.524525993883792
1090,8182.5,242.0,257955.0,31.525206232813932
1091,8190.0,246.0,258201.0,31.526373626373626
1092,8197.5,244.0,258445.0,31.527294906983837
1093,8205.0,231.0,258676.0,31.52663010359537
1094,8212.5,229.0,258905.0,31.52572298325723
1095,8220.0,243.0,259148.0,31.526520681265207
1096,8227.5,224.0,259372.0,31.525007596475234
1097,8235.0,269.0,259641.0,31.52896174863388
1098,8242.5,246.0,259887.0,31.530118289353958
1099,8250.0,214.0,260101.0,31.52739393939394
1100,8257.5,197.0,260298.0,31.522615803814713
1101,8265.0,241.0,260539.0,31.523169993950393
1102,8272.5,232.0,260771.0,31.522635237231793
1103,8280.0,229.0,261000.0,31.52173913043478
1104,8287.5,244.0,261244.0,31.52265460030166
1105,8295.0,215.0,261459.0,31.52007233273056
1106,8302.5,237.0,261696.0,31.52014453477868
1107,8310.0,251.0,261947.0,31.521901323706377
1108,8317.5,234.0,262181.0,31.521611061015932
1109,8325.0,235.0,262416.0,31.521441441441443
1110,8332.5,235.0,262651.0,31.521272127212722
1111,8340.0,226.0,262877.0,31.52002398081535
1112,8347.5,249.0,263126.0,31.521533393231508
1113,8355.0,227.0,263353.0,31.520406941950927
1114,8362.5,249.0,263602.0,31.521913303437966
1115,8370.0,242.0,263844.0,31.52258064516129
1116,8377.5,232.0,264076.0,31.522053118472098
1117,8385.0,238.0,264314.0,31.522242098986286
1118,8392.5,219.0,264533.0,31.520166815609176
1119,8400.0,236.0,264769.0,31.520119047619048
1120,8407.5,243.0,265012.0,31.52090395480226
1121,8415.0,234.0,265246.0,31.520617944147357
1122,8422.5,247.0,265493.0,31.52187592757495
1123,8430.0,258.0,265751.0,31.524436536180307
1124,8437.5,256.0,266007.0,31.526755555555557
1125,8445.0,211.0,266218.0,31.52374185908822
1126,8452.5,244.0,266462.0,31.52463768115942
1127,8460.0,227.0,266689.0,31.523522458628843
1128,8467.5,224.0,266913.0,31.52205491585474
1129,8475.0,256.0,267169.0,31.524365781710916
1130,8482.5,240.0,267409.0,31.524786324786326
1131,8490.0,272.0,267681.0,31.528975265017667
1132,8497.5,200.0,267881.0,31.524683730508972
1133,8505.0,241.0,268122.0,31.525220458553793
1134,8512.5,230.0,268352.0,31.52446402349486
1135,8520.0,221.0,268573.0,31.522652582159626
1136,8527.5,224.0,268797.0,31.521196130167105
1137,8535.0,254.0,269051.0,31.52325717633275
1138,8542.5,239.0,269290.0,31.523558677202224
1139,8550.0,228.0,269518.0,31.522573099415204
1140,8557.5,222.0,269740.0,31.520888109845163
1141,8565.0,242.0,269982.0,31.5215411558669
1142,8572.5,251.0,270233.0,31.52324292796734
1143,8580.0,253.0,270486.0,31.525174825174826
1144,8587.5,259.0,270745.0,31.527802037845706
1145,8595.0,234.0,270979.0,31.527515997673067
1146,8602.5,252.0,271231.0,31.529322871258355
1147,8610.0,254.0,271485.0,31.531358885017422
1148,8617.5,237.0,271722.0,31.53141862489121
1149,8625.0,238.0,271960.0,31.53159420289855
1150,8632.5,261.0,272221.0,31.534433825658848
1151,8640.0,232.0,272453.0,31.533912037037037
1152,8647.5,241.0,272694.0,31.534431916738942
1153,8655.0,255.0,272949.0,31.536568457538994
1154,8662.5,227.0,273176.0,31.535468975468977
1155,8670.0,237.0,273413.0,31.535524798154555
1156,8677.5,225.0,273638.0,31.534197637568425
1157,8685.0,243.0,273881.0,31.534945308002303
1158,8692.5,238.0,274119.0,31.5351164797239
1159,8700.0,227.0,274346.0,31.534022988505747
1160,8707.5,233.0,274579.0,31.533620442147573
1161,8715.0,246.0,274825.0,31.534710269650027
1162,8722.5,261.0,275086.0,31.537517913442247
1163,8730.0,237.0,275323.0,31.537571592210767
1164,8737.5,251.0,275574.0,31.53922746781116
1165,8745.0,229.0,275803.0,31.538364779874215
1166,8752.5,243.0,276046.0,31.539103113396173
1167,8760.0,244.0,276290.0,31.539954337899545
1168,8767.5,231.0,276521.0,31.53932135728543
1169,8775.0,224.0,276745.0,31.537891737891737
1170,8782.5,242.0,276987.0,31.538514090520923
1171,8790.0,255.0,277242.0,31.54061433447099
1172,8797.5,257.0,277499.0,31.54293833475419
1173,8805.0,237.0,277736.0,31.542986939239068
1174,8812.5,253.0,277989.0,31.54485106382979
1175,8820.0,226.0,278215.0,31.543650793650794
1176,8827.5,229.0,278444.0,31.54279241008213
1177,8835.0,261.0,278705.0,31.545557441992077
1178,8842.5,224.0,278929.0,31.544133446423523
1179,8850.0,233.0,279162.0,31.543728813559323
1180,8857.5,227.0,279389.0,31.54264747389218
1181,8865.0,235.0,279624.0,31.542470389170898
1182,8872.5,235.0,279859.0,31.542293603832064
1183,8880.0,244.0,280103.0,31.543130630630632
1184,8887.5,249.0,280352.0,31.5445288326301
1185,8895.0,231.0,280583.0,31.54390106801574
1186,8902.5,249.0,280832.0,31.545296265094073
1187,8910.0,250.0,281082.0,31.546801346801345
1188,8917.5,236.0,281318.0,31.546733950098123
1189,8925.0,204.0,281522.0,31.543081232492998
1190,8932.5,264.0,281786.0,31.546151693254966
1191,8940.0,278.0,282064.0,31.550782997762862
1192,8947.5,227.0,282291.0,31.54970662196144
1193,8955.0,214.0,282505.0,31.54718034617532
1194,8962.5,223.0,282728.0,31.545662482566247
1195,8970.0,253.0,282981.0,31.547491638795986
1196,8977.5,247.0,283228.0,31.54864940128098
1197,8985.0,228.0,283456.0,31.54769059543684
1198,8992.5,236.0,283692.0,31.54762301918265
1199,9000.0,227.0,283919.0,31.546555555555557
1200,9007.5,221.0,284140.0,31.54482375797946
1201,9015.0,214.0,284354.0,31.542318358291737
1202,9022.5,232.0,284586.0,31.541812136325852
1203,9030.0,213.0,284799.0,31.53920265780731
1204,9037.5,235.0,285034.0,31.539031811894883
1205,9045.0,230.0,285264.0,31.538308457711445
1206,9052.5,231.0,285495.0,31.537696768848384
1207,9060.0,240.0,285735.0,31.538079470198674
1208,9067.5,247.0,285982.0,31.5392335263303
1209,9075.0,240.0,286222.0,31.53961432506887
1210,9082.5,236.0,286458.0,31.539554087530966
1211,9090.0,239.0,286697.0,31.53982398239824
1212,9097.5,252.0,286949.0,31.54152239626271
1213,9105.0,226.0,287175.0,31.540362438220757
1214,9112.5,233.0,287408.0,31.53997256515775
1215,9120.0,199.0,287607.0,31.535855263157895
1216,9127.5,225.0,287832.0,31.534593262119966
1217,9135.0,242.0,288074.0,31.5351943076081
1218,9142.5,252.0,288326.0,31.53688815969374
1219,9150.0,212.0,288538.0,31.534207650273224
1220,9157.5,242.0,288780.0,31.534807534807534
1221,9165.0,226.0,289006.0,31.53366066557556
1222,9172.5,236.0,289242.0,31.533605887162715
1223,9180.0,224.0,289466.0,31.532244008714596
1224,9187.5,255.0,289721.0,31.53425850340136
1225,9195.0,239.0,289960.0,31.53452963567156
1226,9202.5,250.0,290210.0,31.535995653355066
1227,9210.0,243.0,290453.0,31.53669923995657
1228,9217.5,298.0,290751.0,31.543368592351506
1229,9225.0,265.0,291016.0,31.546449864498644
1230,9232.5,251.0,291267.0,31.548009748172216
1231,9240.0,241.0,291508.0,31.548484848484847
1232,9247.5,240.0,291748.0,31.548851040821845
1233,9255.0,248.0,291996.0,31.55008103727715
1234,9262.5,257.0,292253.0,31.552280701754388
1235,9270.0,259.0,292512.0,31.554692556634304
1236,9277.5,230.0,292742.0,31.553974669900295
1237,9285.0,222.0,292964.0,31.55239633817986
1238,9292.5,240.0,293204.0,31.552757600215227
1239,9300.0,237.0,293441.0,31.552795698924733
1240,9307.5,247.0,293688.0,31.553908138597905
1241,9315.0,224.0,293912.0,31.552549651100374
1242,9322.5,232.0,294144.0,31.552051488334673
1243,9330.0,220.0,294364.0,31.5502679528403
1244,9337.5,225.0,294589.0,31.549022757697458
1245,9345.0,230.0,294819.0,31.548314606741574
1246,9352.5,253.0,295072.0,31.55006682705159
1247,9360.0,235.0,295307.0,31.54989316239316
1248,9367.5,258.0,295565.0,31.552175073392046
1249,9375.0,247.0,295812.0,31.55328
1250,9382.5,221.0,296033.0,31.551612043698373
1251,9390.0,231.0,296264.0,31.55101171458999
1252,9397.5,243.0,296507.0,31.55168927906358
1253,9405.0,262.0,296769.0,31.55438596491228
1254,9412.5,245.0,297014.0,31.55527224435591
1255,9420.0,233.0,297247.0,31.55488322717622
1256,9427.5,244.0,297491.0,31.55566162821533
1257,9435.0,229.0,297720.0,31.554848966613672
1258,9442.5,250.0,297970.0,31.556261583267144
1259,9450.0,232.0,298202.0,31.555767195767196
1260,9457.5,219.0,298421.0,31.55389902194026
1261,9465.0,279.0,298700.0,31.55837295298468
1262,9472.5,297.0,298997.0,31.564740036949065
1263,9480.0,218.0,299215.0,31.56276371308017
1264,9487.5,250.0,299465.0,31.564163372859024
1265,9495.0,257.0,299722.0,31.566298051606108
1266,9502.5,223.0,299945.0,31.564851354906605
1267,9510.0,218.0,300163.0,31.562881177707677
1268,9517.5,269.0,300432.0,31.566272655634357
1269,9525.0,239.0,300671.0,31.566509186351706
1270,9532.5,246.0,300917.0,31.567479674796747
1271,9540.0,213.0,301130.0,31.564989517819708
1272,9547.5,262.0,301392.0,31.567635506677142
1273,9555.0,242.0,301634.0,31.568184196755624
1274,9562.5,238.0,301872.0,31.568313725490196
1275,9570.0,240.0,302112.0,31.568652037617554
1276,9577.5,251.0,302363.0,31.570138345079613
1277,9585.0,229.0,302592.0,31.569327073552426
1278,9592.5,248.0,302840.0,31.570497784727653
1279,9600.0,246.0,303086.0,31.571458333333332
1280,9607.5,241.0,303327.0,31.57189695550351
1281,9615.0,267.0,303594.0,31.57503900156006
1282,9622.5,214.0,303808.0,31.57266822551312
1283,9630.0,216.0,304024.0,31.570508826583595
1284,9637.5,241.0,304265.0,31.57094682230869
1285,9645.0,247.0,304512.0,31.572006220839814
1286,9652.5,221.0,304733.0,31.57037037037037
1287,9660.0,247.0,304980.0,31.571428571428573
1288,9667.5,225.0,305205.0,31.570209464701318
1289,9675.0,249.0,305454.0,31.571472868217054
1290,9682.5,240.0,305694.0,31.5718048024787
1291,9690.0,276.0,305970.0,31.575851393188856
1292,9697.5,258.0,306228.0,31.578035576179428
1293,9705.0,251.0,306479.0,31.579495105615663
1294,9712.5,250.0,306729.0,31.58084942084942
1295,9720.0,233.0,306962.0,31.58045267489712
1296,9727.5,230.0,307192.0,31.579748136725776
1297,9735.0,253.0,307445.0,31.5814072932717
1298,9742.5,241.0,307686.0,31.581832178598923
1299,9750.0,239.0,307925.0,31.58205128205128
1300,9757.5,229.0,308154.0,31.581245196003074
1301,9765.0,230.0,308384.0,31.580542754736303
1302,9772.5,205.0,308589.0,31.577283192632386
1303,9780.0,248.0,308837.0,31.57842535787321
1304,9787.5,241.0,309078.0,31.578850574712643
1305,9795.0,245.0,309323.0,31.579683511995917
1306,9802.5,255.0,309578.0,31.58153532262178
1307,9810.0,218.0,309796.0,31.5796126401631
1308,9817.5,242.0,310038.0,31.580137509549274
1309,9825.0,239.0,310277.0,31.58035623409669
1310,9832.5,240.0,310517.0,31.580676328502417
1311,9840.0,259.0,310776.0,31.582926829268292
1312,9847.5,257.0,311033.0,31.584970804772784
1313,9855.0,208.0,311241.0,31.582039573820396
1314,9862.5,236.0,311477.0,31.581951837769328
1315,9870.0,253.0,311730.0,31.583586626139816
1316,9877.5,214.0,311944.0,31.581270564414073
1317,9885.0,254.0,312198.0,31.583004552352048
1318,9892.5,253.0,312451.0,31.584634824361892
1319,9900.0,260.0,312711.0,31.586969696969696
1320,9907.5,228.0,312939.0,31.586071158213475
1321,9915.0,225.0,313164.0,31.584871406959152
1322,9922.5,252.0,313416.0,31.58639455782313
1323,9930.0,229.0,313645.0,31.585599194360523
1324,9937.5,217.0,313862.0,31.58359748427673
1325,9945.0,239.0,314101.0,31.58381096028155
1326,9952.5,238.0,314339.0,31.583923637277067
1327,9960.0,230.0,314569.0,31.583232931726908
1328,9967.5,235.0,314804.0,31.583044895911712
1329,9975.0,238.0,315042.0,31.583157894736843
1330,9982.5,237.0,315279.0,31.583170548459805
1331,9990.0,228.0,315507.0,31.582282282282282
1332,9997.5,210.0,315717.0,31.579594898724682
1333,10005.0,246.0,315963.0,31.580509745127436
1334,10012.5,231.0,316194.0,31.57992509363296
1335,10020.0,255.0,316449.0,31.58173652694611
1336,10027.5,234.0,316683.0,31.58145100972326
1337,10035.0,245.0,316928.0,31.582262082710514
1338,10042.5,223.0,317151.0,31.580881254667663
1339,10050.0,232.0,317383.0,31.580398009950247
1340,10057.5,242.0,317625.0,31.580909768829233
1341,10065.0,227.0,317852.0,31.5799304520616
1342,10072.5,265.0,318117.0,31.582725241995533
1343,10080.0,231.0,318348.0,31.582142857142856
1344,10087.5,247.0,318595.0,31.583147459727385
1345,10095.0,218.0,318813.0,31.581277860326896
1346,10102.5,257.0,319070.0,31.583271467458548
1347,10110.0,241.0,319311.0,31.583679525222554
1348,10117.5,239.0,319550.0,31.58388930071658
1349,10125.0,240.0,319790.0,31.5841975308642
1350,10132.5,230.0,320020.0,31.583518381445842
1351,10140.0,245.0,320265.0,31.58431952662722
1352,10147.5,260.0,320525.0,31.58659768415866
1353,10155.0,230.0,320755.0,31.585918266863615
1354,10162.5,249.0,321004.0,31.58710947109471
1355,10170.0,237.0,321241.0,31.587118977384463
1356,10177.5,234.0,321475.0,31.58683370179317
1357,10185.0,248.0,321723.0,31.587923416789398
1358,10192.5,223.0,321946.0,31.58655874417464
1359,10200.0,233.0,322179.0,31.586176470588235
1360,10207.5,229.0,322408.0,31.58540289003184
1361,10215.0,244.0,322652.0,31.586098874204602
1362,10222.5,234.0,322886.0,31.58581560283688
1363,10230.0,240.0,323126.0,31.586119257087
1364,10237.5,242.0,323368.0,31.586617826617825
1365,10245.0,237.0,323605.0,31.586627623230843
1366,10252.5,253.0,323858.0,31.588198000487687
1367,10260.0,233.0,324091.0,31.587816764132555
1368,10267.5,237.0,324328.0,31.587825663501338
1369,10275.0,232.0,324560.0,31.58734793187348
1370,10282.5,208.0,324768.0,31.584536834427425
1371,10290.0,270.0,325038.0,31.587755102040816
1372,10297.5,237.0,325275.0,31.587764020393298
1373,10305.0,262.0,325537.0,31.590198932557012
1374,10312.5,247.0,325784.0,31.59117575757576
1375,10320.0,242.0,326026.0,31.591666666666665
1376,10327.5,249.0,326275.0,31.59283466473009
1377,10335.0,204.0,326479.0,31.589646831156266
1378,10342.5,254.0,326733.0,31.591298042059464
1379,10350.0,222.0,326955.0,31.589855072463767
1380,10357.5,268.0,327223.0,31.59285541877866
1381,10365.0,218.0,327441.0,31.591027496382054
1382,10372.5,222.0,327663.0,31.589587852494578
1383,10380.0,232.0,327895.0,31.589113680154142
1384,10387.5,257.0,328152.0,31.59104693140794
1385,10395.0,240.0,328392.0,31.59134199134199
1386,10402.5,242.0,328634.0,31.59182888728671
1387,10410.0,231.0,328865.0,31.591258405379442
1388,10417.5,243.0,329108.0,31.59184065274778
1389,10425.0,228.0,329336.0,31.590983213429258
1390,10432.5,220.0,329556.0,31.58936017253774
1391,10440.0,233.0,329789.0,31.588984674329502
1392,10447.5,243.0,330032.0,31.589566882029192
1393,10455.0,250.0,330282.0,31.590817790530846
1394,10462.5,223.0,330505.0,31.589486260454002
1395,10470.0,244.0,330749.0,31.5901623686724
1396,10477.5,264.0,331013.0,31.5927463612503
1397,10485.0,213.0,331226.0,31.59046256556986
1398,10492.5,235.0,331461.0,31.590278770550395
1399,10500.0,246.0,331707.0,31.591142857142856
1400,10507.5,236.0,331943.0,31.591054009041162
1401,10515.0,231.0,332174.0,31.59048977650975
1402,10522.5,246.0,332420.0,31.59135186505108
1403,10530.0,210.0,332630.0,31.588793922127255
1404,10537.5,223.0,332853.0,31.58747330960854
1405,10545.0,233.0,333086.0,31.58710289236605
1406,10552.5,225.0,333311.0,31.585974887467426
1407,10560.0,249.0,333560.0,31.58712121212121
1408,10567.5,266.0,333826.0,31.589874615566597
1409,10575.0,201.0,334027.0,31.58647754137116
1410,10582.5,242.0,334269.0,31.586959603118355
1411,10590.0,216.0,334485.0,31.584985835694052
1412,10597.5,246.0,334731.0,31.585845718329796
1413,10605.0,249.0,334980.0,31.586987270155586
1414,10612.5,260.0,335240.0,31.589163722025912
1415,10620.0,246.0,335486.0,31.590018832391713
1416,10627.5,264.0,335750.0,31.592566454951776
1417,10635.0,240.0,335990.0,31.59285378467325
1418,10642.5,244.0,336234.0,31.59351656095842
1419,10650.0,221.0,336455.0,31.592018779342723
1420,10657.5,243.0,336698.0,31.5925873797795
1421,10665.0,215.0,336913.0,31.590529770276607
1422,10672.5,292.0,337205.0,31.59568985710939
1423,10680.0,265.0,337470.0,31.598314606741575
1424,10687.5,229.0,337699.0,31.59756725146199
1425,10695.0,245.0,337944.0,31.598316970546986
1426,10702.5,256.0,338200.0,31.600093436113056
1427,10710.0,212.0,338412.0,31.597759103641458
1428,10717.5,204.0,338616.0,31.594681595521344
1429,10725.0,256.0,338872.0,31.596456876456877
1430,10732.5,242.0,339114.0,31.596925227113907
1431,10740.0,222.0,339336.0,31.595530726256982
1432,10747.5,249.0,339585.0,31.59665038381019
1433,10755.0,213.0,339798.0,31.59442119944212
1434,10762.5,232.0,340030.0,31.593960511033682
1435,10770.0,223.0,340253.0,31.592664809656455
1436,10777.5,233.0,340486.0,31.592298770586872
1437,10785.0,243.0,340729.0,31.592860454334723
1438,10792.5,274.0,341003.0,31.596293722492472
1439,10800.0,232.0,341235.0,31.595833333333335
1440,10807.5,220.0,341455.0,31.594263243118206
1441,10815.0,239.0,341694.0,31.594452149791955
1442,10822.5,216.0,341910.0,31.592515592515593
1443,10830.0,250.0,342160.0,31.59372114496768
1444,10837.5,230.0,342390.0,31.593079584775086
1445,10845.0,241.0,342631.0,31.593453204241587
1446,10852.5,229.0,342860.0,31.592720571296937
1447,10860.0,211.0,343071.0,31.590331491712707
1448,10867.5,212.0,343283.0,31.58803772716816
1449,10875.0,212.0,343495.0,31.585747126436782
1450,10882.5,262.0,343757.0,31.588054215483574
1451,10890.0,246.0,344003.0,31.58888888888889
1452,10897.5,239.0,344242.0,31.589080064234917
1453,10905.0,222.0,344464.0,31.587712058688673
1454,10912.5,234.0,344698.0,31.587445589919817
1455,10920.0,210.0,344908.0,31.584981684981685
1456,10927.5,229.0,345137.0,31.584259894760923
1457,10935.0,263.0,345400.0,31.586648376771834
1458,10942.5,226.0,345626.0,31.585652273246517
1459,10950.0,251.0,345877.0,31.586940639269407
1460,10957.5,239.0,346116.0,31.58713210130048
1461,10965.0,245.0,346361.0,31.587870497036025
1462,10972.5,234.0,346595.0,31.58760537707906
1463,10980.0,249.0,346844.0,31.588706739526412
1464,10987.5,255.0,347099.0,31.590352673492607
1465,10995.0,232.0,347331.0,31.589904502046384
1466,11002.5,225.0,347556.0,31.588820722563053
1467,11010.0,214.0,347770.0,31.58673932788374
1468,11017.5,244.0,348014.0,31.58738370773769
1469,11025.0,235.0,348249.0,31.58721088435374
1470,11032.5,219.0,348468.0,31.585588035350103
1471,11040.0,226.0,348694.0,31.58460144927536
1472,11047.5,232.0,348926.0,31.58415931206155
1473,11055.0,261.0,349187.0,31.586341022161918
1474,11062.5,245.0,349432.0,31.587073446327683
1475,11070.0,213.0,349645.0,31.58491418247516
1476,11077.5,230.0,349875.0,31.58429248476642
1477,11085.0,262.0,350137.0,31.586558412268833
1478,11092.5,239.0,350376.0,31.586747802569302
1479,11100.0,228.0,350604.0,31.585945945945944
1480,11107.5,252.0,350856.0,31.587305874409182
1481,11115.0,224.0,351080.0,31.586144849302745
1482,11122.5,242.0,351322.0,31.586603731175543
1483,11130.0,230.0,351552.0,31.585983827493262
1484,11137.5,249.0,351801.0,31.58707070707071
1485,11145.0,225.0,352026.0,31.58600269179004
1486,11152.5,259.0,352285.0,31.58798475678099
1487,11160.0,255.0,352540.0,31.589605734767026
1488,11167.5,255.0,352795.0,31.591224535482425
1489,11175.0,248.0,353043.0,31.59221476510067
1490,11182.5,230.0,353273.0,31.591594008495417
1491,11190.0,234.0,353507.0,31.591331546023234
1492,11197.5,226.0,353733.0,31.590354989953113
1493,11205.0,240.0,353973.0,31.590629183400267
1494,11212.5,220.0,354193.0,31.58911928651059
1495,11220.0,220.0,354413.0,31.587611408199642
1496,11227.5,249.0,354662.0,31.588688488087286
1497,11235.0,251.0,354913.0,31.589942145082333
1498,11242.5,211.0,355124.0,31.587636201912385
1499,11250.0,254.0,355378.0,31.589155555555557
1500,11257.5,246.0,355624.0,31.589962247390627
1501,11265.0,241.0,355865.0,31.590324012427875
1502,11272.5,245.0,356110.0,31.591040141938347
1503,11280.0,229.0,356339.0,31.590336879432623
1504,11287.5,230.0,356569.0,31.589723145071982
1505,11295.0,238.0,356807.0,31.58981850376273
1506,11302.5,238.0,357045.0,31.589913735899138
1507,11310.0,227.0,357272.0,31.589036251105217
1508,11317.5,224.0,357496.0,31.587894853103602
1509,11325.0,217.0,357713.0,31.586136865342162
1510,11332.5,244.0,357957.0,31.5867637326274
1511,11340.0,218.0,358175.0,31.585097001763668
1512,11347.5,267.0,358442.0,31.58775060586032
1513,11355.0,258.0,358700.0,31.58960810215764
1514,11362.5,261.0,358961.0,31.59172717271727
1515,11370.0,237.0,359198.0,31.591732629727353
1516,11377.5,215.0,359413.0,31.589804438584927
1517,11385.0,236.0,359649.0,31.589723320158104
1518,11392.5,216.0,359865.0,31.58788676761027
1519,11400.0,253.0,360118.0,31.589298245614035
1520,11407.5,249.0,360367.0,31.590357221126453
1521,11415.0,240.0,360607.0,31.590626368812966
1522,11422.5,241.0,360848.0,31.590982709564457
1523,11430.0,233.0,361081.0,31.59063867016623
1524,11437.5,241.0,361322.0,31.590994535519126
1525,11445.0,238.0,361560.0,31.591087811271297
1526,11452.5,262.0,361822.0,31.593276577166556
1527,11460.0,267.0,362089.0,31.595898778359512
1528,11467.5,251.0,362340.0,31.597122302158272
1529,11475.0,253.0,362593.0,31.598518518518517
1530,11482.5,217.0,362810.0,31.59677770520357
1531,11490.0,256.0,363066.0,31.598433420365534
1532,11497.5,234.0,363300.0,31.598173515981735
1533,11505.0,245.0,363545.0,31.598870056497177
1534,11512.5,259.0,363804.0,31.600781758957655
1535,11520.0,217.0,364021.0,31.59904513888889
1536,11527.5,247.0,364268.0,31.59991325092171
1537,11535.0,263.0,364531.0,31.602167316861724
1538,11542.5,235.0,364766.0,31.601992635910765
1539,11550.0,245.0,365011.0,31.60268398268398
1540,11557.5,219.0,365230.0,31.601124810728965
1541,11565.0,262.0,365492.0,31.603285776048423
1542,11572.5,234.0,365726.0,31.60302441131994
1543,11580.0,250.0,365976.0,31.604145077720208
1544,11587.5,220.0,366196.0,31.602675296655878
1545,11595.0,250.0,366446.0,31.603794739111684
1546,11602.5,236.0,366682.0,31.603706097823746
1547,11610.0,249.0,366931.0,31.60473729543497
1548,11617.5,258.0,367189.0,31.606541854960188
1549,11625.0,242.0,367431.0,31.606967741935485
1550,11632.5,233.0,367664.0,31.60661938534279
1551,11640.0,242.0,367906.0,31.60704467353952
1552,11647.5,261.0,368167.0,31.609100665378836
1553,11655.0,259.0,368426.0,31.610982410982412
1554,11662.5,253.0,368679.0,31.612347266881027
1555,11670.0,231.0,368910.0,31.611825192802055
1556,11677.5,224.0,369134.0,31.61070434596446
1557,11685.0,225.0,369359.0,31.60967051775781
1558,11692.5,234.0,369593.0,31.609407740004276
1559,11700.0,238.0,369831.0,31.60948717948718
1560,11707.5,227.0,370058.0,31.608626948537264
1561,11715.0,229.0,370287.0,31.607938540332906
1562,11722.5,219.0,370506.0,31.60639795265515
1563,11730.0,225.0,370731.0,31.60537084398977
1564,11737.5,246.0,370977.0,31.606134185303514
1565,11745.0,216.0,371193.0,31.60434227330779
1566,11752.5,259.0,371452.0,31.60621144437354
1567,11760.0,215.0,371667.0,31.604336734693877
1568,11767.5,244.0,371911.0,31.60492882940302
1569,11775.0,202.0,372113.0,31.601953290870487
1570,11782.5,225.0,372338.0,31.60093358794823
1571,11790.0,210.0,372548.0,31.598642917726888
1572,11797.5,258.0,372806.0,31.600423818605638
1573,11805.0,246.0,373052.0,31.601185938161795
1574,11812.5,239.0,373291.0,31.601354497354496
1575,11820.0,263.0,373554.0,31.603553299492386
1576,11827.5,237.0,373791.0,31.603551046290423
1577,11835.0,217.0,374008.0,31.601858893113647
1578,11842.5,251.0,374259.0,31.603039898670044
1579,11850.0,236.0,374495.0,31.60295358649789
1580,11857.5,235.0,374730.0,31.60278304870335
1581,11865.0,267.0,374997.0,31.605309734513273
1582,11872.5,217.0,375214.0,31.603621815118974
1583,11880.0,219.0,375433.0,31.60210437710438
1584,11887.5,230.0,375663.0,31.601514195583597
1585,11895.0,225.0,375888.0,31.600504413619166
1586,11902.5,232.0,376120.0,31.600084015963034
1587,11910.0,244.0,376364.0,31.600671704450043
1588,11917.5,236.0,376600.0,31.600587371512482
1589,11925.0,246.0,376846.0,31.601341719077567
1590,11932.5,252.0,377098.0,31.602597946783995
1591,11940.0,253.0,377351.0,31.60393634840871
1592,11947.5,243.0,377594.0,31.604436074492572
1593,11955.0,208.0,377802.0,31.602007528230867
1594,11962.5,262.0,378064.0,31.604096133751305
1595,11970.0,233.0,378297.0,31.60375939849624
1596,11977.5,225.0,378522.0,31.60275516593613
1597,11985.0,229.0,378751.0,31.60208594075928
1598,11992.5,237.0,378988.0,31.602084636230977
1599,12000.0,235.0,379223.0,31.601916666666668
1600,12007.5,221.0,379444.0,31.600582968977722
1601,12015.0,233.0,379677.0,31.600249687890138
1602,12022.5,227.0,379904.0,31.599417758369725
1603,12030.0,232.0,380136.0,31.599002493765585
1604,12037.5,233.0,380369.0,31.598670820353064
1605,12045.0,226.0,380595.0,31.597758405977583
1606,12052.5,264.0,380859.0,31.6
1607,12060.0,246.0,381105.0,31.600746268656717
1608,12067.5,247.0,381352.0,31.601574476900765
1609,12075.0,249.0,381601.0,31.60256728778468
1610,12082.5,224.0,381825.0,31.60148975791434
1611,12090.0,238.0,382063.0,31.60157154673284
1612,12097.5,240.0,382303.0,31.601818557553212
1613,12105.0,248.0,382551.0,31.60272614622057
1614,12112.5,239.0,382790.0,31.602889576883385
1615,12120.0,227.0,383017.0,31.602062706270626
1616,12127.5,237.0,383254.0,31.602061430632858
1617,12135.0,246.0,383500.0,31.602801812937784
1618,12142.5,247.0,383747.0,31.603623635989294
1619,12150.0,235.0,383982.0,31.603456790123456
1620,12157.5,254.0,384236.0,31.604852971416822
1621,12165.0,247.0,384483.0,31.605672009864364
1622,12172.5,229.0,384712.0,31.605011295953993
1623,12180.0,209.0,384921.0,31.60270935960591
1624,12187.5,250.0,385171.0,31.60377435897436
1625,12195.0,219.0,385390.0,31.60229602296023
1626,12202.5,205.0,385595.0,31.599672198320015
1627,12210.0,215.0,385810.0,31.5978705978706
1628,12217.5,251.0,386061.0,31.59901780233272
1629,12225.0,262.0,386323.0,31.601063394683027
1630,12232.5,237.0,386560.0,31.601062742693642
1631,12240.0,239.0,386799.0,31.60122549019608
1632,12247.5,247.0,387046.0,31.602041232904675
1633,12255.0,239.0,387285.0,31.60220318237454
1634,12262.5,263.0,387548.0,31.604322120285424
1635,12270.0,224.0,387772.0,31.60325998370008
1636,12277.5,242.0,388014.0,31.60366524129505
1637,12285.0,265.0,388279.0,31.605942205942206
1638,12292.5,219.0,388498.0,31.60447427293065
1639,12300.0,238.0,388736.0,31.604552845528456
1640,12307.5,206.0,388942.0,31.60203128173878
1641,12315.0,237.0,389179.0,31.60203004466098
1642,12322.5,227.0,389406.0,31.60121728545344
1643,12330.0,223.0,389629.0,31.60008110300081
1644,12337.5,225.0,389854.0,31.599108409321175
1645,12345.0,220.0,390074.0,31.59773187525314
1646,12352.5,239.0,390313.0,31.597895162922484
1647,12360.0,246.0,390559.0,31.598624595469257
1648,12367.5,238.0,390797.0,31.598706286638368
1649,12375.0,236.0,391033.0,31.59862626262626
1650,12382.5,246.0,391279.0,31.599353926912983
1651,12390.0,228.0,391507.0,31.59862792574657
1652,12397.5,230.0,391737.0,31.598064125831822
1653,12405.0,238.0,391975.0,31.5981459089077
1654,12412.5,239.0,392214.0,31.598308157099698
1655,12420.0,250.0,392464.0,31.59935587761675
1656,12427.5,259.0,392723.0,31.6011265338966
1657,12435.0,240.0,392963.0,31.601367108966627
1658,12442.5,219.0,393182.0,31.59991963029938
1659,12450.0,229.0,393411.0,31.599277108433736
1660,12457.5,231.0,393642.0,31.598795906080674
1661,12465.0,221.0,393863.0,31.597513036502207
1662,12472.5,245.0,394108.0,31.598155943074765
1663,12480.0,262.0,394370.0,31.600160256410255
1664,12487.5,246.0,394616.0,31.60088088088088
1665,12495.0,246.0,394862.0,31.601600640256102
1666,12502.5,255.0,395117.0,31.603039392121577
1667,12510.0,248.0,395365.0,31.603916866506793
1668,12517.5,234.0,395599.0,31.603674855202716
1669,12525.0,215.0,395814.0,31.60191616766467
1670,12532.5,235.0,396049.0,31.601755435866746
1671,12540.0,234.0,396283.0,31.60151515151515
1672,12547.5,225.0,396508.0,31.60055788005579
1673,12555.0,259.0,396767.0,31.60230983671844
1674,12562.5,225.0,396992.0,31.601353233830846
1675,12570.0,228.0,397220.0,31.60063643595863
1676,12577.5,247.0,397467.0,31.60143112701252
1677,12585.0,237.0,397704.0,31.601430274135875
1678,12592.5,252.0,397956.0,31.602620607504466
1679,12600.0,257.0,398213.0,31.60420634920635
1680,12607.5,206.0,398419.0,31.601744993059686
1681,12615.0,252.0,398671.0,31.602933016250496
1682,12622.5,242.0,398913.0,31.603327391562686
1683,12630.0,230.0,399143.0,31.602771179730798
1684,12637.5,229.0,399372.0,31.60213649851632
1685,12645.0,239.0,399611.0,31.602293396599446
1686,12652.5,256.0,399867.0,31.60379371665679
1687,12660.0,251.0,400118.0,31.604897314375986
1688,12667.5,231.0,400349.0,31.60442076179199
1689,12675.0,249.0,400598.0,31.605364891518736
1690,12682.5,225.0,400823.0,31.60441553321506
1691,12690.0,217.0,401040.0,31.602836879432623
1692,12697.5,255.0,401295.0,31.60425280567041
1693,12705.0,211.0,401506.0,31.602203856749313
1694,12712.5,219.0,401725.0,31.6007866273353
1695,12720.0,229.0,401954.0,31.6001572327044
1696,12727.5,245.0,402199.0,31.600785700255354
1697,12735.0,239.0,402438.0,31.600942285041224
1698,12742.5,236.0,402674.0,31.60086325289386
1699,12750.0,249.0,402923.0,31.601803921568628
1700,12757.5,229.0,403152.0,31.601175778953557
1701,12765.0,212.0,403364.0,31.59921660791226
1702,12772.5,226.0,403590.0,31.598355842630653
1703,12780.0,247.0,403837.0,31.599139280125197
1704,12787.5,212.0,404049.0,31.59718475073314
1705,12795.0,230.0,404279.0,31.59663931223134
1706,12802.5,230.0,404509.0,31.596094512790472
1707,12810.0,219.0,404728.0,31.594691647150665
1708,12817.5,260.0,404988.0,31.596489174956115
1709,12825.0,208.0,405196.0,31.594230019493178
1710,12832.5,244.0,405440.0,31.59477888174557
1711,12840.0,253.0,405693.0,31.596028037383178
1712,12847.5,220.0,405913.0,31.59470714146721
1713,12855.0,286.0,406199.0,31.59852197588487
1714,12862.5,220.0,406419.0,31.597201166180756
1715,12870.0,235.0,406654.0,31.597047397047398
1716,12877.5,246.0,406900.0,31.597748010095128
1717,12885.0,265.0,407165.0,31.599922390376406
1718,12892.5,228.0,407393.0,31.599224355245298
1719,12900.0,221.0,407614.0,31.59798449612403
1720,12907.5,256.0,407870.0,31.599457679643617
1721,12915.0,236.0,408106.0,31.599380565234224
1722,12922.5,230.0,408336.0,31.59883923389437
1723,12930.0,246.0,408582.0,31.59953596287703
1724,12937.5,271.0,408853.0,31.60216425120773
1725,12945.0,268.0,409121.0,31.60455774430282
1726,12952.5,248.0,409369.0,31.60540436209226
1727,12960.0,265.0,409634.0,31.607561728395062
1728,12967.5,226.0,409860.0,31.60670908039329
1729,12975.0,237.0,410097.0,31.60670520231214
1730,12982.5,238.0,410335.0,31.60677835547853
1731,12990.0,212.0,410547.0,31.60484988452656
1732,12997.5,209.0,410756.0,31.602692825543375
1733,13005.0,223.0,410979.0,31.60161476355248
1734,13012.5,219.0,411198.0,31.60023054755043
1735,13020.0,253.0,411451.0,31.60145929339478
1736,13027.5,245.0,411696.0,31.602072538860103
1737,13035.0,234.0,411930.0,31.601841196777904
1738,13042.5,214.0,412144.0,31.6000766724171
1739,13050.0,227.0,412371.0,31.599310344827586
1740,13057.5,247.0,412618.0,31.600076584338503
1741,13065.0,210.0,412828.0,31.598009950248755
1742,13072.5,259.0,413087.0,31.599694014151847
1743,13080.0,251.0,413338.0,31.600764525993885
1744,13087.5,224.0,413562.0,31.59977077363897
1745,13095.0,225.0,413787.0,31.598854524627722
1746,13102.5,240.0,414027.0,31.599084144247282
1747,13110.0,244.0,414271.0,31.59961861174676
1748,13117.5,236.0,414507.0,31.599542595769012
1749,13125.0,222.0,414729.0,31.5984
1750,13132.5,257.0,414986.0,31.59992385303636
1751,13140.0,234.0,415220.0,31.599695585996955
1752,13147.5,226.0,415446.0,31.598859098687964
1753,13155.0,243.0,415689.0,31.59931584948689
1754,13162.5,254.0,415943.0,31.600607787274456
1755,13170.0,209.0,416152.0,31.598481397114654
1756,13177.5,216.0,416368.0,31.596888635932462
1757,13185.0,237.0,416605.0,31.596890405764125
1758,13192.5,246.0,416851.0,31.597574379382223
1759,13200.0,249.0,417100.0,31.598484848484848
1760,13207.5,231.0,417331.0,31.598031421540792
1761,13215.0,235.0,417566.0,31.59788119561105
1762,13222.5,259.0,417825.0,31.59954622802042
1763,13230.0,240.0,418065.0,31.599773242630384
1764,13237.5,224.0,418289.0,31.59879131255902
1765,13245.0,219.0,418508.0,31.597432993582483
1766,13252.5,236.0,418744.0,31.597358988870024
1767,13260.0,228.0,418972.0,31.596681749622928
1768,13267.5,233.0,419205.0,31.596382136800454
1769,13275.0,239.0,419444.0,31.596534839924672
1770,13282.5,228.0,419672.0,31.595859213250517
1771,13290.0,229.0,419901.0,31.595259593679458
1772,13297.5,224.0,420125.0,31.59428463996992
1773,13305.0,232.0,420357.0,31.59391206313416
1774,13312.5,245.0,420602.0,31.594516431924884
1775,13320.0,207.0,420809.0,31.592267267267268
1776,13327.5,228.0,421037.0,31.591596323391485
1777,13335.0,227.0,421264.0,31.59085114360705
1778,13342.5,231.0,421495.0,31.590406595465616
1779,13350.0,258.0,421753.0,31.591985018726593
1780,13357.5,235.0,421988.0,31.591839790379936
1781,13365.0,252.0,422240.0,31.592966704077813
1782,13372.5,235.0,422475.0,31.592821088053842
1783,13380.0,248.0,422723.0,31.593647234678624
1784,13387.5,210.0,422933.0,31.591633986928105
1785,13395.0,224.0,423157.0,31.590668159761105
1786,13402.5,261.0,423418.0,31.592464092520053
1787,13410.0,234.0,423652.0,31.592244593586877
1788,13417.5,235.0,423887.0,31.592099869573318
1789,13425.0,241.0,424128.0,31.59240223463687
1790,13432.5,228.0,424356.0,31.59173646007817
1791,13440.0,213.0,424569.0,31.589955357142856
1792,13447.5,237.0,424806.0,31.589960959286113
1793,13455.0,251.0,425057.0,31.591007060572277
1794,13462.5,216.0,425273.0,31.589452181987
1795,13470.0,235.0,425508.0,31.589309576837415
1796,13477.5,238.0,425746.0,31.58938972361343
1797,13485.0,234.0,425980.0,31.589173155357805
1798,13492.5,202.0,426182.0,31.586585139892534
1799,13500.0,249.0,426431.0,31.587481481481483
1800,13507.5,233.0,426664.0,31.587192300573754
1801,13515.0,221.0,426885.0,31.586015538290788
1802,13522.5,238.0,427123.0,31.586097245331853
1803,13530.0,217.0,427340.0,31.584626755358464
1804,13537.5,229.0,427569.0,31.58404432132964
1805,13545.0,235.0,427804.0,31.58390550018457
1806,13552.5,256.0,428060.0,31.58531636229478
1807,13560.0,239.0,428299.0,31.58547197640118
1808,13567.5,228.0,428527.0,31.584816657453473
1809,13575.0,222.0,428749.0,31.583720073664825
1810,13582.5,246.0,428995.0,31.584391680471196
1811,13590.0,260.0,429255.0,31.58609271523179
1812,13597.5,206.0,429461.0,31.583820555249126
1813,13605.0,240.0,429701.0,31.584049981624403
1814,13612.5,232.0,429933.0,31.583691460055096
1815,13620.0,255.0,430188.0,31.58502202643172
1816,13627.5,222.0,430410.0,31.583929554210236
1817,13635.0,234.0,430644.0,31.583718371837183
1818,13642.5,228.0,430872.0,31.583067619571192
1819,13650.0,246.0,431118.0,31.583736263736263
1820,13657.5,227.0,431345.0,31.583012996522058
1821,13665.0,267.0,431612.0,31.585217709476765
1822,13672.5,226.0,431838.0,31.584421283598463
1823,13680.0,232.0,432070.0,31.58406432748538
1824,13687.5,233.0,432303.0,31.58378082191781
1825,13695.0,251.0,432554.0,31.58481197517342
1826,13702.5,247.0,432801.0,31.585550082101808
1827,13710.0,243.0,433044.0,31.585995623632385
1828,13717.5,248.0,433292.0,31.58680517587024
1829,13725.0,241.0,433533.0,31.587103825136612
1830,13732.5,216.0,433749.0,31.585581649371928
1831,13740.0,237.0,433986.0,31.585589519650654
1832,13747.5,248.0,434234.0,31.58639752682306
1833,13755.0,234.0,434468.0,31.586186841148674
1834,13762.5,233.0,434701.0,31.585903723887377
1835,13770.0,215.0,434916.0,31.584313725490198
1836,13777.5,211.0,435127.0,31.582435129740517
1837,13785.0,236.0,435363.0,31.582372143634384
1838,13792.5,225.0,435588.0,31.581511691136487
1839,13800.0,237.0,435825.0,31.581521739130434
1840,13807.5,239.0,436064.0,31.581676625022634
1841,13815.0,250.0,436314.0,31.582627578718785
1842,13822.5,243.0,436557.0,31.583071079761257
1843,13830.0,217.0,436774.0,31.581634128705712
1844,13837.5,210.0,436984.0,31.5796928635953
1845,13845.0,235.0,437219.0,31.57955940772842
1846,13852.5,260.0,437479.0,31.581230824760873
1847,13860.0,248.0,437727.0,31.58203463203463
1848,13867.5,224.0,437951.0,31.581106904633135
1849,13875.0,263.0,438214.0,31.58299099099099
1850,13882.5,247.0,438461.0,31.58372051143526
1851,13890.0,247.0,438708.0,31.584449244060476
1852,13897.5,250.0,438958.0,31.58539305630509
1853,13905.0,224.0,439182.0,31.584466019417476
1854,13912.5,220.0,439402.0,31.58325247079964
1855,13920.0,209.0,439611.0,31.58125
1856,13927.5,235.0,439846.0,31.58111649614073
1857,13935.0,224.0,440070.0,31.580193756727663
1858,13942.5,246.0,440316.0,31.580849919311458
1859,13950.0,227.0,440543.0,31.580143369175627
1860,13957.5,228.0,440771.0,31.57950922443131
1861,13965.0,260.0,441031.0,31.581167203723595
1862,13972.5,253.0,441284.0,31.582322419037396
1863,13980.0,236.0,441520.0,31.582260371959944
1864,13987.5,194.0,441714.0,31.579195710455764
1865,13995.0,201.0,441915.0,31.576634512325832
1866,14002.5,240.0,442155.0,31.576861274772362
1867,14010.0,231.0,442386.0,31.576445396145612
1868,14017.5,228.0,442614.0,31.57581594435527
1869,14025.0,264.0,442878.0,31.577754010695188
1870,14032.5,256.0,443134.0,31.579119900231607
1871,14040.0,260.0,443394.0,31.58076923076923
1872,14047.5,211.0,443605.0,31.578928634988433
1873,14055.0,234.0,443839.0,31.578726431874777
1874,14062.5,235.0,444074.0,31.578595555555555
1875,14070.0,245.0,444319.0,31.579175550817343
1876,14077.5,231.0,444550.0,31.578760433315576
1877,14085.0,221.0,444771.0,31.577635782747603
1878,14092.5,244.0,445015.0,31.57814440305127
1879,14100.0,251.0,445266.0,31.579148936170213
1880,14107.5,256.0,445522.0,31.580506822612087
1881,14115.0,255.0,445777.0,31.581792419411972
1882,14122.5,248.0,446025.0,31.582580987785448
1883,14130.0,220.0,446245.0,31.58138711960368
1884,14137.5,227.0,446472.0,31.580689655172414
1885,14145.0,206.0,446678.0,31.578508306822197
1886,14152.5,255.0,446933.0,31.579791556262144
1887,14160.0,227.0,447160.0,31.57909604519774
1888,14167.5,233.0,447393.0,31.578824775013235
1889,14175.0,268.0,447661.0,31.581022927689595
1890,14182.5,260.0,447921.0,31.58265468006346
1891,14190.0,228.0,448149.0,31.58202959830867
1892,14197.5,232.0,448381.0,31.581686916710687
1893,14205.0,258.0,448639.0,31.58317493840197
1894,14212.5,211.0,448850.0,31.581354441512755
1895,14220.0,228.0,449078.0,31.580731364275668
1896,14227.5,254.0,449332.0,31.581936390792478
1897,14235.0,237.0,449569.0,31.581945907973306
1898,14242.5,227.0,449796.0,31.581253291205897
1899,14250.0,254.0,450050.0,31.582456140350878
1900,14257.5,201.0,450251.0,31.579940382254954
1901,14265.0,221.0,450472.0,31.578829302488607
1902,14272.5,249.0,450721.0,31.57968120511473
1903,14280.0,252.0,450973.0,31.580742296918768
1904,14287.5,252.0,451225.0,31.58180227471566
1905,14295.0,245.0,451470.0,31.58237145855194
1906,14302.5,235.0,451705.0,31.582240866981298
1907,14310.0,245.0,451950.0,31.58280922431866
1908,14317.5,221.0,452171.0,31.581700715907107
1909,14325.0,242.0,452413.0,31.582059336823736
1910,14332.5,241.0,452654.0,31.582347810919238
1911,14340.0,215.0,452869.0,31.580822873082287
1912,14347.5,224.0,453093.0,31.579926816518558
1913,14355.0,241.0,453334.0,31.580215952629747
1914,14362.5,192.0,453526.0,31.57709312445605
1915,14370.0,228.0,453754.0,31.576478775226164
1916,14377.5,241.0,453995.0,31.576769257520432
1917,14385.0,252.0,454247.0,31.57782412234967
1918,14392.5,243.0,454490.0,31.578252562098314
1919,14400.0,213.0,454703.0,31.576597222222222
1920,14407.5,237.0,454940.0,31.576609404823877
1921,14415.0,238.0,455178.0,31.57669094693028
1922,14422.5,232.0,455410.0,31.576356387588838
1923,14430.0,275.0,455685.0,31.57900207900208
1924,14437.5,231.0,455916.0,31.578597402597403
1925,14445.0,249.0,456165.0,31.57943925233645
1926,14452.5,258.0,456423.0,31.58090295796575
1927,14460.0,258.0,456681.0,31.582365145228216
1928,14467.5,244.0,456925.0,31.582858130292035
1929,14475.0,223.0,457148.0,31.581899827288428
1930,14482.5,225.0,457373.0,31.581080614534784
1931,14490.0,269.0,457642.0,31.58329882677709
1932,14497.5,253.0,457895.0,31.584411105362992
1933,14505.0,262.0,458157.0,31.58614270941055
1934,14512.5,251.0,458408.0,31.587114556416882
1935,14520.0,239.0,458647.0,31.587258953168043
1936,14527.5,225.0,458872.0,31.586439511271728
1937,14535.0,258.0,459130.0,31.587891296869625
1938,14542.5,246.0,459376.0,31.588516417397283
1939,14550.0,267.0,459643.0,31.590584192439863
1940,14557.5,242.0,459885.0,31.59093250901597
1941,14565.0,229.0,460114.0,31.590387916237557
1942,14572.5,240.0,460354.0,31.590598730485503
1943,14580.0,234.0,460588.0,31.59039780521262
1944,14587.5,232.0,460820.0,31.59005998286204
1945,14595.0,230.0,461050.0,31.58958547447756
1946,14602.5,249.0,461299.0,31.59041260058209
1947,14610.0,242.0,461541.0,31.590759753593428
1948,14617.5,224.0,461765.0,31.589875149649394
1949,14625.0,220.0,461985.0,31.58871794871795
1950,14632.5,273.0,462258.0,31.591184008200923
1951,14640.0,237.0,462495.0,31.591188524590162
1952,14647.5,254.0,462749.0,31.592353643966547
1953,14655.0,228.0,462977.0,31.591743432275674
1954,14662.5,247.0,463224.0,31.59242966751918
1955,14670.0,244.0,463468.0,31.592910702113155
1956,14677.5,213.0,463681.0,31.591279168795776
1957,14685.0,238.0,463919.0,31.591351719441608
1958,14692.5,230.0,464149.0,31.59087970052748
1959,14700.0,245.0,464394.0,31.591428571428573
1960,14707.5,221.0,464615.0,31.590345062043177
1961,14715.0,250.0,464865.0,31.591233435270134
1962,14722.5,230.0,465095.0,31.590762438444557
1963,14730.0,207.0,465302.0,31.588730482009506
1964,14737.5,256.0,465558.0,31.59002544529262
1965,14745.0,247.0,465805.0,31.590708714818582
1966,14752.5,213.0,466018.0,31.58908659549229
1967,14760.0,245.0,466263.0,31.589634146341464
1968,14767.5,254.0,466517.0,31.590790587438633
1969,14775.0,240.0,466757.0,31.590998307952624
1970,14782.5,228.0,466985.0,31.590394047015053
1971,14790.0,252.0,467237.0,31.591413116970926
1972,14797.5,228.0,467465.0,31.59080925832066
1973,14805.0,211.0,467676.0,31.589057750759878
1974,14812.5,226.0,467902.0,31.588320675105486
1975,14820.0,245.0,468147.0,31.588866396761134
1976,14827.5,260.0,468407.0,31.590423200134886
1977,14835.0,241.0,468648.0,31.590697674418603
1978,14842.5,224.0,468872.0,31.58982651170625
1979,14850.0,230.0,469102.0,31.58936026936027
1980,14857.5,244.0,469346.0,31.589836782769645
1981,14865.0,226.0,469572.0,31.5891019172553
1982,14872.5,269.0,469841.0,31.591259035131955
1983,14880.0,255.0,470096.0,31.59247311827957
1984,14887.5,228.0,470324.0,31.59187237615449
1985,14895.0,246.0,470570.0,31.59248069822088
1986,14902.5,253.0,470823.0,31.5935581278309
1987,14910.0,241.0,471064.0,31.59382964453387
1988,14917.5,252.0,471316.0,31.59483827719122
1989,14925.0,259.0,471575.0,31.596314907872696
1990,14932.5,247.0,471822.0,31.59698643897539
1991,14940.0,254.0,472076.0,31.598125836680055
1992,14947.5,261.0,472337.0,31.59973239672186
1993,14955.0,293.0,472630.0,31.60347709796055
1994,14962.5,216.0,472846.0,31.60207184628237
1995,14970.0,225.0,473071.0,31.60126920507682
1996,14977.5,225.0,473296.0,31.600467367718245
1997,14985.0,235.0,473531.0,31.600333667000335
1998,14992.5,240.0,473771.0,31.6005336001334
1999,15000.0,238.0,474009.0,31.6006
2000,15007.5,223.0,474232.0,31.59966683325004
2001,15015.0,240.0,474472.0,31.5998667998668
2002,15022.5,222.0,474694.0,31.598868364120484
2003,15030.0,233.0,474927.0,31.59860279441118
2004,15037.5,247.0,475174.0,31.599268495428095
2005,15045.0,222.0,475396.0,31.598271851113328
2006,15052.5,241.0,475637.0,31.598538448762664
2007,15060.0,231.0,475868.0,31.598140770252325
2008,15067.5,240.0,476108.0,31.59834079973453
2009,15075.0,216.0,476324.0,31.596948590381427
2010,15082.5,228.0,476552.0,31.596353389690037
2011,15090.0,232.0,476784.0,31.596023856858846
2012,15097.5,227.0,477011.0,31.595363470773307
2013,15105.0,227.0,477238.0,31.594703740483283
2014,15112.5,247.0,477485.0,31.595368072787426
2015,15120.0,257.0,477742.0,31.59669312169312
2016,15127.5,268.0,478010.0,31.59874400925467
2017,15135.0,224.0,478234.0,31.597885695407996
2018,15142.5,205.0,478439.0,31.59577348522371
2019,15150.0,215.0,478654.0,31.594323432343234
2020,15157.5,235.0,478889.0,31.594194293254166
2021,15165.0,224.0,479113.0,31.593339927464555
2022,15172.5,239.0,479352.0,31.593475037073652
2023,15180.0,225.0,479577.0,31.592687747035573
2024,15187.5,227.0,479804.0,31.5920329218107
2025,15195.0,239.0,480043.0,31.592168476472523
2026,15202.5,223.0,480266.0,31.591251438908074
2027,15210.0,221.0,480487.0,31.590203813280738
2028,15217.5,215.0,480702.0,31.58876293740759
2029,15225.0,209.0,480911.0,31.586929392446635
2030,15232.5,228.0,481139.0,31.586344986049564
2031,15240.0,231.0,481370.0,31.585958005249346
2032,15247.5,240.0,481610.0,31.58616166584686
2033,15255.0,234.0,481844.0,31.585971812520484
2034,15262.5,259.0,482103.0,31.587420147420147
2035,15270.0,262.0,482365.0,31.5890635232482
2036,15277.5,222.0,482587.0,31.588087056128295
2037,15285.0,237.0,482824.0,31.588092901537454
2038,15292.5,254.0,483078.0,31.589210397253556
2039,15300.0,250.0,483328.0,31.590065359477123
2040,15307.5,230.0,483558.0,31.589612934835866
2041,15315.0,225.0,483783.0,31.588834476003917
2042,15322.5,230.0,484013.0,31.58838309675314
2043,15330.0,265.0,484278.0,31.59021526418787
2044,15337.5,220.0,484498.0,31.589111654441727
2045,15345.0,252.0,484750.0,31.5900944933203
2046,15352.5,229.0,484979.0,31.58957824458557
2047,15360.0,214.0,485193.0,31.5880859375
